cost,cost_step,batches,learning rate,batch_size,per_batch,dropout,beta,k_conv,n_conv1,n_conv2,n_layer,n_lstm,n_steps,train step,xentropy,rmse,accuracy,xentropy_last,rmse_last,accuracy_last
rmse,last,1,0.001,633,500,1.0,0.0,3,2,5,1,10,551,0,8.47696,44.6227,0.376761,8.60197,44.0064,0.371248
rmse,last,1,0.001,633,500,1.0,0.0,3,2,5,1,10,551,1,8.84562,44.5494,0.376761,8.96617,43.9303,0.371248
rmse,last,1,0.001,633,500,1.0,0.0,3,2,5,1,10,551,2,9.23123,44.4846,0.376761,9.35322,43.8709,0.371248
rmse,last,1,0.001,633,500,1.0,0.0,3,2,5,1,10,551,3,9.59148,44.4288,0.376761,9.69893,43.8179,0.371248
rmse,last,1,0.001,633,500,1.0,0.0,3,2,5,1,10,551,4,9.88029,44.3789,0.376761,9.97813,43.77,0.371248
rmse,last,1,0.001,633,500,1.0,0.0,3,2,5,1,10,551,5,10.0693,44.336,0.376761,10.1603,43.7294,0.371248
rmse,last,1,0.001,633,500,1.0,0.0,3,2,5,1,10,551,6,10.1413,44.302,0.376761,10.2207,43.6955,0.371248
rmse,last,1,0.001,633,500,1.0,0.0,3,2,5,1,10,551,7,10.1195,44.2758,0.376761,10.1819,43.6659,0.371248
rmse,last,1,0.001,633,500,1.0,0.0,3,2,5,1,10,551,8,10.0526,44.2556,0.376761,10.0949,43.6387,0.371248
rmse,last,1,0.001,633,500,1.0,0.0,3,2,5,1,10,551,9,9.98955,44.2388,0.376761,10.01,43.6118,0.371248
rmse,last,1,0.001,633,500,1.0,0.0,3,2,5,1,10,551,10,9.95792,44.2234,0.376761,9.95656,43.5834,0.371248
rmse,last,1,0.001,633,500,1.0,0.0,3,2,5,1,10,551,11,9.96421,44.2084,0.376761,9.94282,43.5536,0.371248
rmse,last,1,0.001,633,500,1.0,0.0,3,2,5,1,10,551,12,9.99442,44.1933,0.376761,9.95757,43.5246,0.371248
rmse,last,1,0.001,633,500,1.0,0.0,3,2,5,1,10,551,13,10.0182,44.1785,0.376761,9.9711,43.4968,0.371248
rmse,last,1,0.001,633,500,1.0,0.0,3,2,5,1,10,551,14,10.0093,44.1636,0.376761,9.95053,43.4675,0.371248
rmse,last,1,0.001,633,500,1.0,0.0,3,2,5,1,10,551,15,9.96643,44.1487,0.376761,9.89121,43.4356,0.371248
rmse,last,1,0.001,633,500,1.0,0.0,3,2,5,1,10,551,16,9.90762,44.1331,0.376761,9.81372,43.402,0.371248
rmse,last,1,0.001,633,500,1.0,0.0,3,2,5,1,10,551,17,9.8576,44.1161,0.376761,9.74553,43.3679,0.371248
rmse,last,1,0.001,633,500,1.0,0.0,3,2,5,1,10,551,18,9.83823,44.0975,0.376761,9.71005,43.334,0.371248
rmse,last,1,0.001,633,500,1.0,0.0,3,2,5,1,10,551,19,9.85937,44.0767,0.376761,9.71959,43.3003,0.371248
rmse,last,1,0.001,633,500,1.0,0.0,3,2,5,1,10,551,20,9.90851,44.0548,0.376761,9.76116,43.2673,0.371248
rmse,last,1,0.001,633,500,1.0,0.0,3,2,5,1,10,551,21,9.95676,44.0333,0.376761,9.79866,43.2341,0.371248
rmse,last,1,0.001,633,500,1.0,0.0,3,2,5,1,10,551,22,9.98988,44.0133,0.376761,9.81889,43.2003,0.371248
rmse,last,1,0.001,633,500,1.0,0.0,3,2,5,1,10,551,23,9.99895,43.9954,0.376761,9.81318,43.1658,0.371248
rmse,last,1,0.001,633,500,1.0,0.0,3,2,5,1,10,551,24,9.98612,43.9792,0.376761,9.78503,43.1306,0.371248
rmse,last,1,0.001,633,500,1.0,0.0,3,2,5,1,10,551,25,9.962,43.9643,0.376761,9.74616,43.0949,0.371248
rmse,last,1,0.001,633,500,1.0,0.0,3,2,5,1,10,551,26,9.94089,43.9491,0.376761,9.71166,43.0591,0.371248
rmse,last,1,0.001,633,500,1.0,0.0,3,2,5,1,10,551,27,9.93559,43.9324,0.376761,9.69498,43.0229,0.371248
rmse,last,1,0.001,633,500,1.0,0.0,3,2,5,1,10,551,28,9.9508,43.9138,0.376761,9.70085,42.9862,0.371248
rmse,last,1,0.001,633,500,1.0,0.0,3,2,5,1,10,551,29,9.98255,43.8935,0.376761,9.72395,42.9487,0.371248
rmse,last,1,0.001,633,500,1.0,0.0,3,2,5,1,10,551,30,10.0226,43.8718,0.376761,9.75418,42.9103,0.371248
rmse,last,1,0.001,633,500,1.0,0.0,3,2,5,1,10,551,31,10.0602,43.8505,0.376761,9.78029,42.8709,0.371248
rmse,last,1,0.001,633,500,1.0,0.0,3,2,5,1,10,551,32,10.0849,43.8304,0.376761,9.79171,42.8305,0.371248
rmse,last,1,0.001,633,500,1.0,0.0,3,2,5,1,10,551,33,10.0929,43.8119,0.376761,9.7842,42.7884,0.371248
rmse,last,1,0.001,633,500,1.0,0.0,3,2,5,1,10,551,34,10.0881,43.795,0.376761,9.76261,42.7453,0.371248
rmse,last,1,0.001,633,500,1.0,0.0,3,2,5,1,10,551,35,10.0752,43.7789,0.376761,9.7334,42.7028,0.371248
rmse,last,1,0.001,633,500,1.0,0.0,3,2,5,1,10,551,36,10.056,43.7626,0.376761,9.69635,42.6606,0.371248
rmse,last,1,0.001,633,500,1.0,0.0,3,2,5,1,10,551,37,10.0379,43.7443,0.376761,9.65399,42.6169,0.371248
rmse,last,1,0.001,633,500,1.0,0.0,3,2,5,1,10,551,38,10.035,43.7243,0.376761,9.62136,42.5715,0.371248
rmse,last,1,0.001,633,500,1.0,0.0,3,2,5,1,10,551,39,10.0439,43.7034,0.376761,9.59773,42.5253,0.371248
rmse,last,1,0.001,633,500,1.0,0.0,3,2,5,1,10,551,40,10.0391,43.6839,0.376761,9.55802,42.478,0.371248
rmse,last,1,0.001,633,500,1.0,0.0,3,2,5,1,10,551,41,10.0049,43.6658,0.376761,9.48772,42.4297,0.371248
rmse,last,1,0.001,633,500,1.0,0.0,3,2,5,1,10,551,42,9.96928,43.6479,0.376761,9.42061,42.3826,0.371248
rmse,last,1,0.001,633,500,1.0,0.0,3,2,5,1,10,551,43,9.98342,43.6281,0.376761,9.40698,42.3337,0.371248
rmse,last,1,0.001,633,500,1.0,0.0,3,2,5,1,10,551,44,10.0164,43.6068,0.376761,9.41217,42.2818,0.371248
rmse,last,1,0.001,633,500,1.0,0.0,3,2,5,1,10,551,45,10.004,43.5856,0.376761,9.37189,42.2287,0.371248
rmse,last,1,0.001,633,500,1.0,0.0,3,2,5,1,10,551,46,9.94849,43.5648,0.376761,9.28929,42.1758,0.371248
rmse,last,1,0.001,633,500,1.0,0.0,3,2,5,1,10,551,47,9.91185,43.5431,0.376761,9.2248,42.1224,0.371248
rmse,last,1,0.001,633,500,1.0,0.0,3,2,5,1,10,551,48,9.92209,43.5195,0.376761,9.20472,42.0668,0.371248
rmse,last,1,0.001,633,500,1.0,0.0,3,2,5,1,10,551,49,9.9374,43.4959,0.376761,9.18852,42.0099,0.371248
rmse,last,1,0.001,633,500,1.0,0.0,3,2,5,1,10,551,50,9.90469,43.4726,0.376761,9.12634,41.9526,0.371248
rmse,last,1,0.001,633,500,1.0,0.0,3,2,5,1,10,551,-1,11.2746,43.8543,0.332175,12.1102,41.9628,0.357143
rmse,last,1,0.001,633,500,1.0,0.0,3,2,5,1,10,551,51,9.85005,43.4482,0.376761,9.0444,41.8946,0.371248
rmse,last,1,0.001,633,500,1.0,0.0,3,2,5,1,10,551,52,9.83627,43.4204,0.376761,9.00263,41.8339,0.371248
rmse,last,1,0.001,633,500,1.0,0.0,3,2,5,1,10,551,53,9.83116,43.3907,0.376761,8.96976,41.7716,0.371248
rmse,last,1,0.001,633,500,1.0,0.0,3,2,5,1,10,551,54,9.77076,43.3618,0.376761,8.88393,41.7086,0.371248
rmse,last,1,0.001,633,500,1.0,0.0,3,2,5,1,10,551,55,9.70386,43.3333,0.376761,8.79017,41.6452,0.371248
rmse,last,1,0.001,633,500,1.0,0.0,3,2,5,1,10,551,56,9.69497,43.3034,0.376761,8.74861,41.5801,0.371248
rmse,last,1,0.001,633,500,1.0,0.0,3,2,5,1,10,551,57,9.67297,43.2727,0.376761,8.69375,41.5142,0.371248
rmse,last,1,0.001,633,500,1.0,0.0,3,2,5,1,10,551,58,9.59073,43.2413,0.376761,8.58401,41.4478,0.371248
rmse,last,1,0.001,633,500,1.0,0.0,3,2,5,1,10,551,59,9.54218,43.2076,0.376761,8.50871,41.381,0.371248
rmse,last,1,0.001,633,500,1.0,0.0,3,2,5,1,10,551,60,9.50641,43.173,0.376761,8.44657,41.3135,0.371248
rmse,last,1,0.001,633,500,1.0,0.0,3,2,5,1,10,551,61,9.40858,43.1391,0.376761,8.32681,41.2458,0.371248
rmse,last,1,0.001,633,500,1.0,0.0,3,2,5,1,10,551,62,9.354,43.1032,0.376761,8.24852,41.1782,0.371248
rmse,last,1,0.001,633,500,1.0,0.0,3,2,5,1,10,551,63,9.3098,43.0649,0.376761,8.1806,41.1098,0.371248
rmse,last,1,0.001,633,500,1.0,0.0,3,2,5,1,10,551,64,9.20439,43.0262,0.376761,8.05557,41.0404,0.371248
rmse,last,1,0.001,633,500,1.0,0.0,3,2,5,1,10,551,65,9.16731,42.9855,0.376767,7.99489,40.9705,0.371248
rmse,last,1,0.001,633,500,1.0,0.0,3,2,5,1,10,551,66,9.08675,42.9455,0.376773,7.89422,40.9004,0.371248
rmse,last,1,0.001,633,500,1.0,0.0,3,2,5,1,10,551,67,8.99032,42.9049,0.376773,7.78066,40.8296,0.371248
rmse,last,1,0.001,633,500,1.0,0.0,3,2,5,1,10,551,68,8.93879,42.8615,0.376764,7.71157,40.7584,0.371248
rmse,last,1,0.001,633,500,1.0,0.0,3,2,5,1,10,551,69,8.79943,42.8197,0.376759,7.56107,40.6868,0.371248
rmse,last,1,0.001,633,500,1.0,0.0,3,2,5,1,10,551,70,8.78325,42.7761,0.376753,7.52357,40.6144,0.371248
rmse,last,1,0.001,633,500,1.0,0.0,3,2,5,1,10,551,71,8.612,42.7366,0.37675,7.34002,40.541,0.372828
rmse,last,1,0.001,633,500,1.0,0.0,3,2,5,1,10,551,72,8.6527,42.6904,0.37673,7.35521,40.4677,0.372828
rmse,last,1,0.001,633,500,1.0,0.0,3,2,5,1,10,551,73,8.37299,42.653,0.376687,7.07242,40.395,0.372828
rmse,last,1,0.001,633,500,1.0,0.0,3,2,5,1,10,551,74,8.59831,42.6035,0.376678,7.25739,40.3229,0.372828
rmse,last,1,0.001,633,500,1.0,0.0,3,2,5,1,10,551,75,8.16933,42.5736,0.376618,6.83186,40.2493,0.372828
rmse,last,1,0.001,633,500,1.0,0.0,3,2,5,1,10,551,76,8.40462,42.5262,0.376618,7.01694,40.1732,0.372828
rmse,last,1,0.001,633,500,1.0,0.0,3,2,5,1,10,551,77,8.25078,42.4892,0.376598,6.84533,40.0981,0.372828
rmse,last,1,0.001,633,500,1.0,0.0,3,2,5,1,10,551,78,8.01162,42.4555,0.376575,6.59857,40.026,0.374408
rmse,last,1,0.001,633,500,1.0,0.0,3,2,5,1,10,551,79,8.25316,42.4115,0.376604,6.78703,39.9522,0.372828
rmse,last,1,0.001,633,500,1.0,0.0,3,2,5,1,10,551,80,7.92211,42.384,0.376538,6.44929,39.8753,0.374408
rmse,last,1,0.001,633,500,1.0,0.0,3,2,5,1,10,551,81,7.941,42.3508,0.376483,6.42886,39.7992,0.374408
rmse,last,1,0.001,633,500,1.0,0.0,3,2,5,1,10,551,82,7.98387,42.3174,0.376455,6.43208,39.7253,0.372828
rmse,last,1,0.001,633,500,1.0,0.0,3,2,5,1,10,551,83,7.61856,42.2931,0.37632,6.06783,39.6538,0.375987
rmse,last,1,0.001,633,500,1.0,0.0,3,2,5,1,10,551,84,7.99435,42.2576,0.376311,6.37413,39.5836,0.374408
rmse,last,1,0.001,633,500,1.0,0.0,3,2,5,1,10,551,85,7.41619,42.2391,0.376202,5.82439,39.5147,0.377567
rmse,last,1,0.001,633,500,1.0,0.0,3,2,5,1,10,551,86,7.85048,42.2043,0.376647,6.17751,39.4423,0.380727
rmse,last,1,0.001,633,500,1.0,0.0,3,2,5,1,10,551,87,7.53265,42.1805,0.377708,5.86357,39.3706,0.383886
rmse,last,1,0.001,633,500,1.0,0.0,3,2,5,1,10,551,88,7.4751,42.1551,0.380443,5.78458,39.3049,0.401264
rmse,last,1,0.001,633,500,1.0,0.0,3,2,5,1,10,551,89,7.73529,42.1301,0.384182,5.99087,39.2434,0.434439
rmse,last,1,0.001,633,500,1.0,0.0,3,2,5,1,10,551,90,7.19582,42.1199,0.387659,5.48537,39.1823,0.461295
rmse,last,1,0.001,633,500,1.0,0.0,3,2,5,1,10,551,91,7.66534,42.0948,0.388161,5.8703,39.118,0.459716
rmse,last,1,0.001,633,500,1.0,0.0,3,2,5,1,10,551,92,7.26317,42.0826,0.390518,5.48198,39.0516,0.472354
rmse,last,1,0.001,633,500,1.0,0.0,3,2,5,1,10,551,93,7.32522,42.0654,0.391501,5.50099,38.989,0.477093
rmse,last,1,0.001,633,500,1.0,0.0,3,2,5,1,10,551,94,7.56481,42.0495,0.391992,5.67495,38.9313,0.480253
rmse,last,1,0.001,633,500,1.0,0.0,3,2,5,1,10,551,95,7.16816,42.0448,0.394202,5.28912,38.8707,0.496051
rmse,last,1,0.001,633,500,1.0,0.0,3,2,5,1,10,551,96,7.70476,42.0314,0.393187,5.71541,38.8077,0.486572
rmse,last,1,0.001,633,500,1.0,0.0,3,2,5,1,10,551,97,7.06469,42.0316,0.396017,5.12137,38.7482,0.511848
rmse,last,1,0.001,633,500,1.0,0.0,3,2,5,1,10,551,98,7.60818,42.0138,0.394913,5.53856,38.6774,0.505529
rmse,last,1,0.001,633,500,1.0,0.0,3,2,5,1,10,551,99,7.42311,42.0119,0.396378,5.32911,38.6096,0.518167
rmse,last,1,0.001,633,500,1.0,0.0,3,2,5,1,10,551,100,7.21732,42.0176,0.397964,5.10285,38.5487,0.522907
rmse,last,1,0.001,633,500,1.0,0.0,3,2,5,1,10,551,-1,9.48689,42.6511,0.37218,10.9652,41.1284,0.371429
rmse,last,1,0.001,633,500,1.0,0.0,3,2,5,1,10,551,101,7.76495,42.0145,0.396585,5.5267,38.4861,0.508689
rmse,last,1,0.001,633,500,1.0,0.0,3,2,5,1,10,551,102,7.24744,42.0264,0.398835,5.02815,38.4347,0.527646
rmse,last,1,0.001,633,500,1.0,0.0,3,2,5,1,10,551,103,7.97408,42.0205,0.397023,5.62604,38.3803,0.510269
rmse,last,1,0.001,633,500,1.0,0.0,3,2,5,1,10,551,104,7.11458,42.0371,0.399976,4.84705,38.3432,0.529226
rmse,last,1,0.001,633,500,1.0,0.0,3,2,5,1,10,551,105,7.89954,42.0219,0.397947,5.46705,38.2475,0.521327
rmse,last,1,0.001,633,500,1.0,0.0,3,2,5,1,10,551,106,7.89625,42.0272,0.398007,5.41136,38.1844,0.524487
rmse,last,1,0.001,633,500,1.0,0.0,3,2,5,1,10,551,107,7.31174,42.0467,0.400143,4.87809,38.1552,0.532385
rmse,last,1,0.001,633,500,1.0,0.0,3,2,5,1,10,551,108,8.11889,42.0492,0.397958,5.50033,38.0878,0.518167
rmse,last,1,0.001,633,500,1.0,0.0,3,2,5,1,10,551,109,7.63504,42.0615,0.399813,5.02668,38.006,0.532385
rmse,last,1,0.001,633,500,1.0,0.0,3,2,5,1,10,551,110,7.72208,42.0678,0.400163,5.05313,37.9482,0.532385
rmse,last,1,0.001,633,500,1.0,0.0,3,2,5,1,10,551,111,8.2821,42.0701,0.398225,5.48597,37.9099,0.526066
rmse,last,1,0.001,633,500,1.0,0.0,3,2,5,1,10,551,112,7.75587,42.0833,0.400246,4.99352,37.8465,0.541864
rmse,last,1,0.001,633,500,1.0,0.0,3,2,5,1,10,551,113,8.13721,42.0894,0.399297,5.24153,37.7699,0.533965
rmse,last,1,0.001,633,500,1.0,0.0,3,2,5,1,10,551,114,8.18232,42.1032,0.399326,5.21626,37.7145,0.538705
rmse,last,1,0.001,633,500,1.0,0.0,3,2,5,1,10,551,115,7.90801,42.1219,0.398827,4.94691,37.6691,0.548183
rmse,last,1,0.001,633,500,1.0,0.0,3,2,5,1,10,551,116,8.39382,42.1275,0.39735,5.27821,37.6095,0.543444
rmse,last,1,0.001,633,500,1.0,0.0,3,2,5,1,10,551,117,8.26838,42.1373,0.397224,5.1344,37.5471,0.552923
rmse,last,1,0.001,633,500,1.0,0.0,3,2,5,1,10,551,118,8.26277,42.1469,0.39649,5.08837,37.4938,0.554502
rmse,last,1,0.001,633,500,1.0,0.0,3,2,5,1,10,551,119,8.657,42.1587,0.39534,5.35105,37.4473,0.549763
rmse,last,1,0.001,633,500,1.0,0.0,3,2,5,1,10,551,120,8.14267,42.1758,0.395584,4.90255,37.4032,0.552923
rmse,last,1,0.001,633,500,1.0,0.0,3,2,5,1,10,551,121,8.91516,42.1855,0.394328,5.46106,37.3639,0.538705
rmse,last,1,0.001,633,500,1.0,0.0,3,2,5,1,10,551,122,7.96965,42.2053,0.39442,4.74102,37.3804,0.556082
rmse,last,1,0.001,633,500,1.0,0.0,3,2,5,1,10,551,123,9.04145,42.2001,0.394469,5.48777,37.2654,0.545024
rmse,last,1,0.001,633,500,1.0,0.0,3,2,5,1,10,551,124,9.06315,42.21,0.394426,5.46227,37.2036,0.549763
rmse,last,1,0.001,633,500,1.0,0.0,3,2,5,1,10,551,125,8.31354,42.226,0.39436,4.87832,37.1836,0.562401
rmse,last,1,0.001,633,500,1.0,0.0,3,2,5,1,10,551,126,8.83687,42.2301,0.393654,5.19303,37.0679,0.563981
rmse,last,1,0.001,633,500,1.0,0.0,3,2,5,1,10,551,127,9.34914,42.2498,0.393018,5.61224,37.1045,0.549763
rmse,last,1,0.001,633,500,1.0,0.0,3,2,5,1,10,551,128,8.01518,42.2851,0.391946,4.70973,37.3357,0.557662
rmse,last,1,0.001,633,500,1.0,0.0,3,2,5,1,10,551,129,9.38031,42.2603,0.39305,5.51709,36.9856,0.565561
rmse,last,1,0.001,633,500,1.0,0.0,3,2,5,1,10,551,130,10.088,42.2878,0.39397,6.28757,37.2038,0.540284
rmse,last,1,0.001,633,500,1.0,0.0,3,2,5,1,10,551,131,8.64813,42.2789,0.393428,4.95319,36.984,0.567141
rmse,last,1,0.001,633,500,1.0,0.0,3,2,5,1,10,551,132,8.62783,42.2955,0.393113,4.92835,36.9593,0.559242
rmse,last,1,0.001,633,500,1.0,0.0,3,2,5,1,10,551,133,9.41276,42.2926,0.393127,5.45952,36.8536,0.557662
rmse,last,1,0.001,633,500,1.0,0.0,3,2,5,1,10,551,134,9.82385,42.3149,0.392691,5.76739,36.8578,0.556082
rmse,last,1,0.001,633,500,1.0,0.0,3,2,5,1,10,551,135,9.29334,42.3268,0.392207,5.30542,36.7447,0.560821
rmse,last,1,0.001,633,500,1.0,0.0,3,2,5,1,10,551,136,8.97032,42.3508,0.390954,5.05566,36.7888,0.565561
rmse,last,1,0.001,633,500,1.0,0.0,3,2,5,1,10,551,137,9.40768,42.3459,0.39149,5.31834,36.6896,0.567141
rmse,last,1,0.001,633,500,1.0,0.0,3,2,5,1,10,551,138,10.0,42.3506,0.392525,5.75453,36.708,0.562401
rmse,last,1,0.001,633,500,1.0,0.0,3,2,5,1,10,551,139,9.61841,42.3511,0.392645,5.34414,36.595,0.567141
rmse,last,1,0.001,633,500,1.0,0.0,3,2,5,1,10,551,140,9.1739,42.3649,0.391453,5.01679,36.6361,0.5703
rmse,last,1,0.001,633,500,1.0,0.0,3,2,5,1,10,551,141,9.61275,42.3668,0.392241,5.24911,36.5336,0.5703
rmse,last,1,0.001,633,500,1.0,0.0,3,2,5,1,10,551,142,10.1368,42.382,0.392379,5.66553,36.5502,0.559242
rmse,last,1,0.001,633,500,1.0,0.0,3,2,5,1,10,551,143,9.93595,42.3865,0.391734,5.46799,36.477,0.567141
rmse,last,1,0.001,633,500,1.0,0.0,3,2,5,1,10,551,144,9.47682,42.3995,0.390532,5.10205,36.4552,0.5703
rmse,last,1,0.001,633,500,1.0,0.0,3,2,5,1,10,551,145,9.52285,42.4102,0.390039,5.11136,36.4133,0.57346
rmse,last,1,0.001,633,500,1.0,0.0,3,2,5,1,10,551,146,9.9507,42.4144,0.390392,5.40579,36.3612,0.56872
rmse,last,1,0.001,633,500,1.0,0.0,3,2,5,1,10,551,147,10.1695,42.4273,0.390148,5.5641,36.3484,0.563981
rmse,last,1,0.001,633,500,1.0,0.0,3,2,5,1,10,551,148,9.86166,42.4398,0.389641,5.26611,36.2821,0.57346
rmse,last,1,0.001,633,500,1.0,0.0,3,2,5,1,10,551,149,9.61596,42.4547,0.388729,5.06769,36.2837,0.589257
rmse,last,1,0.001,633,500,1.0,0.0,3,2,5,1,10,551,150,10.0972,42.4597,0.389646,5.38886,36.22,0.57188
rmse,last,1,0.001,633,500,1.0,0.0,3,2,5,1,10,551,-1,11.7011,43.1256,0.38224,12.93,41.035,0.328571
rmse,last,1,0.001,633,500,1.0,0.0,3,2,5,1,10,551,151,10.3473,42.4685,0.389876,5.56366,36.2092,0.567141
rmse,last,1,0.001,633,500,1.0,0.0,3,2,5,1,10,551,152,10.026,42.4753,0.389053,5.27857,36.1458,0.578199
rmse,last,1,0.001,633,500,1.0,0.0,3,2,5,1,10,551,153,9.8651,42.4891,0.387995,5.15263,36.1357,0.586098
rmse,last,1,0.001,633,500,1.0,0.0,3,2,5,1,10,551,154,10.2016,42.4935,0.388637,5.36049,36.083,0.581359
rmse,last,1,0.001,633,500,1.0,0.0,3,2,5,1,10,551,155,10.4492,42.5036,0.3887,5.51544,36.0641,0.57504
rmse,last,1,0.001,633,500,1.0,0.0,3,2,5,1,10,551,156,10.3139,42.5207,0.388147,5.3636,36.0114,0.578199
rmse,last,1,0.001,633,500,1.0,0.0,3,2,5,1,10,551,157,10.142,42.5431,0.387335,5.18739,35.9837,0.590837
rmse,last,1,0.001,633,500,1.0,0.0,3,2,5,1,10,551,158,10.3358,42.5572,0.38739,5.27474,35.9375,0.581359
rmse,last,1,0.001,633,500,1.0,0.0,3,2,5,1,10,551,159,10.6022,42.5665,0.387559,5.45934,35.912,0.57346
rmse,last,1,0.001,633,500,1.0,0.0,3,2,5,1,10,551,160,10.4785,42.5793,0.386882,5.30621,35.8588,0.581359
rmse,last,1,0.001,633,500,1.0,0.0,3,2,5,1,10,551,161,10.3829,42.5894,0.3862,5.21608,35.8279,0.592417
rmse,last,1,0.001,633,500,1.0,0.0,3,2,5,1,10,551,162,10.6118,42.5902,0.38669,5.35869,35.7834,0.581359
rmse,last,1,0.001,633,500,1.0,0.0,3,2,5,1,10,551,163,10.7353,42.5948,0.386773,5.42072,35.7522,0.578199
rmse,last,1,0.001,633,500,1.0,0.0,3,2,5,1,10,551,164,10.5721,42.6067,0.386581,5.26694,35.714,0.590837
rmse,last,1,0.001,633,500,1.0,0.0,3,2,5,1,10,551,165,10.6282,42.6156,0.386366,5.26692,35.6787,0.589257
rmse,last,1,0.001,633,500,1.0,0.0,3,2,5,1,10,551,166,10.8612,42.6238,0.386541,5.38113,35.6565,0.578199
rmse,last,1,0.001,633,500,1.0,0.0,3,2,5,1,10,551,167,10.7141,42.6352,0.38573,5.25819,35.6144,0.593997
rmse,last,1,0.001,633,500,1.0,0.0,3,2,5,1,10,551,168,10.711,42.6435,0.385558,5.21789,35.5796,0.590837
rmse,last,1,0.001,633,500,1.0,0.0,3,2,5,1,10,551,169,10.9197,42.649,0.385856,5.33138,35.5438,0.584518
rmse,last,1,0.001,633,500,1.0,0.0,3,2,5,1,10,551,170,10.8501,42.6597,0.385214,5.23207,35.5007,0.589257
rmse,last,1,0.001,633,500,1.0,0.0,3,2,5,1,10,551,171,10.8894,42.6743,0.384844,5.20882,35.4578,0.595577
rmse,last,1,0.001,633,500,1.0,0.0,3,2,5,1,10,551,172,11.0805,42.6901,0.384554,5.2877,35.4213,0.584518
rmse,last,1,0.001,633,500,1.0,0.0,3,2,5,1,10,551,173,10.9952,42.707,0.383772,5.19007,35.3842,0.595577
rmse,last,1,0.001,633,500,1.0,0.0,3,2,5,1,10,551,174,11.1,42.7196,0.383462,5.22463,35.3456,0.590837
rmse,last,1,0.001,633,500,1.0,0.0,3,2,5,1,10,551,175,11.215,42.7323,0.383083,5.27958,35.3139,0.587678
rmse,last,1,0.001,633,500,1.0,0.0,3,2,5,1,10,551,176,11.1037,42.7501,0.381997,5.17108,35.2806,0.589257
rmse,last,1,0.001,633,500,1.0,0.0,3,2,5,1,10,551,177,11.2401,42.7656,0.38177,5.23554,35.2446,0.589257
rmse,last,1,0.001,633,500,1.0,0.0,3,2,5,1,10,551,178,11.3315,42.7803,0.381194,5.2657,35.2122,0.592417
rmse,last,1,0.001,633,500,1.0,0.0,3,2,5,1,10,551,179,11.2374,42.7947,0.380225,5.15761,35.1807,0.606635
rmse,last,1,0.001,633,500,1.0,0.0,3,2,5,1,10,551,180,11.4531,42.8014,0.380526,5.27696,35.1438,0.595577
rmse,last,1,0.001,633,500,1.0,0.0,3,2,5,1,10,551,181,11.3869,42.8134,0.380064,5.19429,35.1035,0.606635
rmse,last,1,0.001,633,500,1.0,0.0,3,2,5,1,10,551,182,11.3995,42.8302,0.379307,5.17043,35.0708,0.605055
rmse,last,1,0.001,633,500,1.0,0.0,3,2,5,1,10,551,183,11.5654,42.8436,0.378791,5.24879,35.0376,0.597156
rmse,last,1,0.001,633,500,1.0,0.0,3,2,5,1,10,551,184,11.4632,42.8546,0.377885,5.14039,35.0106,0.609795
rmse,last,1,0.001,633,500,1.0,0.0,3,2,5,1,10,551,185,11.8203,42.8676,0.378307,5.38111,34.9973,0.587678
rmse,last,1,0.001,633,500,1.0,0.0,3,2,5,1,10,551,186,11.1979,42.8946,0.375013,4.97904,35.0481,0.616114
rmse,last,1,0.001,633,500,1.0,0.0,3,2,5,1,10,551,187,12.1666,42.892,0.378568,5.75292,35.1432,0.578199
rmse,last,1,0.001,633,500,1.0,0.0,3,2,5,1,10,551,188,10.8696,42.9483,0.370778,4.92494,35.335,0.605055
rmse,last,1,0.001,633,500,1.0,0.0,3,2,5,1,10,551,189,12.3591,42.9031,0.378433,5.8973,35.1124,0.57504
rmse,last,1,0.001,633,500,1.0,0.0,3,2,5,1,10,551,190,12.0278,42.8973,0.377487,5.46514,34.8927,0.586098
rmse,last,1,0.001,633,500,1.0,0.0,3,2,5,1,10,551,191,11.3058,42.9281,0.373636,5.00656,34.9956,0.622433
rmse,last,1,0.001,633,500,1.0,0.0,3,2,5,1,10,551,192,11.6599,42.913,0.375772,5.14477,34.8382,0.612954
rmse,last,1,0.001,633,500,1.0,0.0,3,2,5,1,10,551,193,12.3451,42.9138,0.378336,5.66762,34.9142,0.587678
rmse,last,1,0.001,633,500,1.0,0.0,3,2,5,1,10,551,194,11.9596,42.9353,0.375815,5.29134,34.7681,0.605055
rmse,last,1,0.001,633,500,1.0,0.0,3,2,5,1,10,551,195,11.5192,42.966,0.372641,5.02951,34.8414,0.616114
rmse,last,1,0.001,633,500,1.0,0.0,3,2,5,1,10,551,196,12.0002,42.9769,0.374772,5.22475,34.7111,0.609795
rmse,last,1,0.001,633,500,1.0,0.0,3,2,5,1,10,551,197,12.5789,42.9824,0.377312,5.67765,34.8397,0.582938
rmse,last,1,0.001,633,500,1.0,0.0,3,2,5,1,10,551,198,11.7455,42.997,0.372925,5.07413,34.7424,0.611374
rmse,last,1,0.001,633,500,1.0,0.0,3,2,5,1,10,551,199,11.7057,42.9985,0.372501,5.051,34.7678,0.617694
rmse,last,1,0.001,633,500,1.0,0.0,3,2,5,1,10,551,200,12.4539,42.9861,0.376056,5.49044,34.7128,0.589257
rmse,last,1,0.001,633,500,1.0,0.0,3,2,5,1,10,551,-1,14.2784,43.7776,0.364428,16.4303,42.0466,0.328571
rmse,last,1,0.001,633,500,1.0,0.0,3,2,5,1,10,551,201,12.7466,42.9948,0.376982,5.76909,34.7842,0.576619
rmse,last,1,0.001,633,500,1.0,0.0,3,2,5,1,10,551,202,11.3071,43.0309,0.367888,5.03439,35.1141,0.616114
rmse,last,1,0.001,633,500,1.0,0.0,3,2,5,1,10,551,203,12.0342,42.9941,0.373768,5.30016,34.7161,0.617694
rmse,last,1,0.001,633,500,1.0,0.0,3,2,5,1,10,551,204,13.1805,43.0044,0.379508,6.51299,35.2394,0.5703
rmse,last,1,0.001,633,500,1.0,0.0,3,2,5,1,10,551,205,12.2436,43.0141,0.374078,5.46999,34.7231,0.608215
rmse,last,1,0.001,633,500,1.0,0.0,3,2,5,1,10,551,206,11.5525,43.0606,0.36771,5.1267,34.9562,0.605055
rmse,last,1,0.001,633,500,1.0,0.0,3,2,5,1,10,551,207,12.0834,43.0361,0.372031,5.24896,34.6059,0.616114
rmse,last,1,0.001,633,500,1.0,0.0,3,2,5,1,10,551,208,12.874,43.0281,0.375812,5.79063,34.6544,0.600316
rmse,last,1,0.001,633,500,1.0,0.0,3,2,5,1,10,551,209,12.8735,43.0395,0.375391,5.75354,34.6254,0.600316
rmse,last,1,0.001,633,500,1.0,0.0,3,2,5,1,10,551,210,12.2834,43.0567,0.371864,5.26177,34.551,0.617694
rmse,last,1,0.001,633,500,1.0,0.0,3,2,5,1,10,551,211,12.0109,43.0827,0.368911,5.11173,34.6668,0.622433
rmse,last,1,0.001,633,500,1.0,0.0,3,2,5,1,10,551,212,12.491,43.0756,0.372616,5.38594,34.5162,0.608215
rmse,last,1,0.001,633,500,1.0,0.0,3,2,5,1,10,551,213,12.9934,43.0891,0.374734,5.72095,34.5406,0.595577
rmse,last,1,0.001,633,500,1.0,0.0,3,2,5,1,10,551,214,12.7948,43.086,0.373846,5.41657,34.4101,0.624013
rmse,last,1,0.001,633,500,1.0,0.0,3,2,5,1,10,551,215,12.5712,43.0938,0.372467,5.29542,34.4112,0.622433
rmse,last,1,0.001,633,500,1.0,0.0,3,2,5,1,10,551,216,12.6024,43.1005,0.372249,5.33587,34.4179,0.622433
rmse,last,1,0.001,633,500,1.0,0.0,3,2,5,1,10,551,217,12.8427,43.1035,0.373324,5.49025,34.4119,0.619273
rmse,last,1,0.001,633,500,1.0,0.0,3,2,5,1,10,551,218,12.9051,43.1128,0.373083,5.51175,34.3915,0.619273
rmse,last,1,0.001,633,500,1.0,0.0,3,2,5,1,10,551,219,12.7539,43.1294,0.371649,5.39897,34.356,0.619273
rmse,last,1,0.001,633,500,1.0,0.0,3,2,5,1,10,551,220,12.7708,43.1396,0.371371,5.39156,34.3295,0.614534
rmse,last,1,0.001,633,500,1.0,0.0,3,2,5,1,10,551,221,12.8659,43.1471,0.371136,5.42522,34.3022,0.605055
rmse,last,1,0.001,633,500,1.0,0.0,3,2,5,1,10,551,222,12.8872,43.1574,0.3707,5.41657,34.2831,0.603476
rmse,last,1,0.001,633,500,1.0,0.0,3,2,5,1,10,551,223,12.8421,43.1674,0.37019,5.33791,34.2491,0.612954
rmse,last,1,0.001,633,500,1.0,0.0,3,2,5,1,10,551,224,12.8284,43.176,0.369875,5.27491,34.2083,0.614534
rmse,last,1,0.001,633,500,1.0,0.0,3,2,5,1,10,551,225,12.959,43.1854,0.369992,5.3144,34.1723,0.620853
rmse,last,1,0.001,633,500,1.0,0.0,3,2,5,1,10,551,226,13.0124,43.1901,0.370236,5.31619,34.1552,0.624013
rmse,last,1,0.001,633,500,1.0,0.0,3,2,5,1,10,551,227,12.9513,43.1947,0.369872,5.24783,34.1367,0.630332
rmse,last,1,0.001,633,500,1.0,0.0,3,2,5,1,10,551,228,12.9764,43.2014,0.369611,5.23517,34.1166,0.627172
rmse,last,1,0.001,633,500,1.0,0.0,3,2,5,1,10,551,229,13.0744,43.2083,0.36947,5.26123,34.0953,0.627172
rmse,last,1,0.001,633,500,1.0,0.0,3,2,5,1,10,551,230,13.1188,43.2198,0.369284,5.25943,34.0744,0.627172
rmse,last,1,0.001,633,500,1.0,0.0,3,2,5,1,10,551,231,13.0615,43.2326,0.368527,5.21704,34.0521,0.620853
rmse,last,1,0.001,633,500,1.0,0.0,3,2,5,1,10,551,232,13.1099,43.2402,0.3681,5.23046,34.0274,0.625592
rmse,last,1,0.001,633,500,1.0,0.0,3,2,5,1,10,551,233,13.1637,43.2489,0.367902,5.24405,34.006,0.619273
rmse,last,1,0.001,633,500,1.0,0.0,3,2,5,1,10,551,234,13.1626,43.26,0.367438,5.22152,33.9814,0.616114
rmse,last,1,0.001,633,500,1.0,0.0,3,2,5,1,10,551,235,13.1329,43.2729,0.36687,5.18253,33.9603,0.616114
rmse,last,1,0.001,633,500,1.0,0.0,3,2,5,1,10,551,236,13.1863,43.2869,0.366861,5.19965,33.9419,0.614534
rmse,last,1,0.001,633,500,1.0,0.0,3,2,5,1,10,551,237,13.277,43.3027,0.366609,5.2307,33.9215,0.612954
rmse,last,1,0.001,633,500,1.0,0.0,3,2,5,1,10,551,238,13.2291,43.3166,0.36607,5.1967,33.8992,0.620853
rmse,last,1,0.001,633,500,1.0,0.0,3,2,5,1,10,551,239,13.2102,43.327,0.365494,5.18212,33.8852,0.617694
rmse,last,1,0.001,633,500,1.0,0.0,3,2,5,1,10,551,240,13.307,43.332,0.366044,5.22442,33.8642,0.624013
rmse,last,1,0.001,633,500,1.0,0.0,3,2,5,1,10,551,241,13.358,43.3382,0.366047,5.23058,33.8464,0.622433
rmse,last,1,0.001,633,500,1.0,0.0,3,2,5,1,10,551,242,13.3206,43.3475,0.365382,5.18402,33.8271,0.628752
rmse,last,1,0.001,633,500,1.0,0.0,3,2,5,1,10,551,243,13.3808,43.3548,0.365551,5.19635,33.8082,0.624013
rmse,last,1,0.001,633,500,1.0,0.0,3,2,5,1,10,551,244,13.5125,43.3621,0.366314,5.26347,33.7904,0.620853
rmse,last,1,0.001,633,500,1.0,0.0,3,2,5,1,10,551,245,13.4798,43.3728,0.365422,5.22955,33.7652,0.625592
rmse,last,1,0.001,633,500,1.0,0.0,3,2,5,1,10,551,246,13.494,43.3841,0.365072,5.228,33.7493,0.628752
rmse,last,1,0.001,633,500,1.0,0.0,3,2,5,1,10,551,247,13.5718,43.3916,0.365542,5.25574,33.7313,0.630332
rmse,last,1,0.001,633,500,1.0,0.0,3,2,5,1,10,551,248,13.6065,43.3991,0.365706,5.25756,33.7122,0.627172
rmse,last,1,0.001,633,500,1.0,0.0,3,2,5,1,10,551,249,13.5789,43.4078,0.364943,5.22514,33.6942,0.627172
rmse,last,1,0.001,633,500,1.0,0.0,3,2,5,1,10,551,250,13.6336,43.4112,0.365029,5.23683,33.6718,0.622433
rmse,last,1,0.001,633,500,1.0,0.0,3,2,5,1,10,551,-1,14.9703,44.1347,0.350506,16.2873,41.5106,0.4
rmse,last,1,0.001,633,500,1.0,0.0,3,2,5,1,10,551,251,13.7108,43.4146,0.36537,5.26587,33.6548,0.622433
rmse,last,1,0.001,633,500,1.0,0.0,3,2,5,1,10,551,252,13.6419,43.4185,0.364568,5.21926,33.6394,0.631912
rmse,last,1,0.001,633,500,1.0,0.0,3,2,5,1,10,551,253,13.7381,43.421,0.365058,5.26829,33.6174,0.625592
rmse,last,1,0.001,633,500,1.0,0.0,3,2,5,1,10,551,254,13.7642,43.4322,0.365155,5.26742,33.597,0.627172
rmse,last,1,0.001,633,500,1.0,0.0,3,2,5,1,10,551,255,13.695,43.4535,0.363728,5.21349,33.5838,0.63981
rmse,last,1,0.001,633,500,1.0,0.0,3,2,5,1,10,551,256,13.8749,43.4655,0.364702,5.31201,33.5693,0.628752
rmse,last,1,0.001,633,500,1.0,0.0,3,2,5,1,10,551,257,13.7736,43.477,0.363045,5.23918,33.5423,0.635071
rmse,last,1,0.001,633,500,1.0,0.0,3,2,5,1,10,551,258,13.7808,43.4772,0.363039,5.23056,33.523,0.633491
rmse,last,1,0.001,633,500,1.0,0.0,3,2,5,1,10,551,259,13.9675,43.4779,0.36408,5.32134,33.5114,0.627172
rmse,last,1,0.001,633,500,1.0,0.0,3,2,5,1,10,551,260,13.7713,43.4957,0.361775,5.17551,33.4986,0.64297
rmse,last,1,0.001,633,500,1.0,0.0,3,2,5,1,10,551,261,14.0101,43.5059,0.362913,5.28309,33.4631,0.622433
rmse,last,1,0.001,633,500,1.0,0.0,3,2,5,1,10,551,262,13.9515,43.5155,0.362331,5.21369,33.4286,0.628752
rmse,last,1,0.001,633,500,1.0,0.0,3,2,5,1,10,551,263,13.8499,43.5186,0.361574,5.15337,33.4212,0.638231
rmse,last,1,0.001,633,500,1.0,0.0,3,2,5,1,10,551,264,14.156,43.5118,0.363624,5.32908,33.4235,0.622433
rmse,last,1,0.001,633,500,1.0,0.0,3,2,5,1,10,551,265,13.7688,43.5501,0.359209,5.10086,33.4473,0.64613
rmse,last,1,0.001,633,500,1.0,0.0,3,2,5,1,10,551,266,14.5824,43.5147,0.364986,5.83331,33.6043,0.606635
rmse,last,1,0.001,633,500,1.0,0.0,3,2,5,1,10,551,267,14.1894,43.5138,0.362469,5.39669,33.4116,0.630332
rmse,last,1,0.001,633,500,1.0,0.0,3,2,5,1,10,551,268,13.6639,43.5488,0.358965,5.13197,33.5993,0.64297
rmse,last,1,0.001,633,500,1.0,0.0,3,2,5,1,10,551,269,14.439,43.5295,0.364029,5.5515,33.4095,0.612954
rmse,last,1,0.001,633,500,1.0,0.0,3,2,5,1,10,551,270,14.564,43.551,0.364063,5.71893,33.4562,0.612954
rmse,last,1,0.001,633,500,1.0,0.0,3,2,5,1,10,551,271,13.7107,43.6049,0.356308,5.16413,33.5371,0.649289
rmse,last,1,0.001,633,500,1.0,0.0,3,2,5,1,10,551,272,14.0621,43.5804,0.360058,5.25626,33.3484,0.64139
rmse,last,1,0.001,633,500,1.0,0.0,3,2,5,1,10,551,273,14.707,43.563,0.364272,5.68698,33.4228,0.611374
rmse,last,1,0.001,633,500,1.0,0.0,3,2,5,1,10,551,274,14.3519,43.5738,0.362483,5.34443,33.2734,0.636651
rmse,last,1,0.001,633,500,1.0,0.0,3,2,5,1,10,551,275,13.9765,43.6113,0.358117,5.12468,33.3526,0.64613
rmse,last,1,0.001,633,500,1.0,0.0,3,2,5,1,10,551,276,14.302,43.581,0.361979,5.2181,33.2272,0.64139
rmse,last,1,0.001,633,500,1.0,0.0,3,2,5,1,10,551,277,14.6719,43.5575,0.364811,5.62727,33.3566,0.624013
rmse,last,1,0.001,633,500,1.0,0.0,3,2,5,1,10,551,278,14.0406,43.5935,0.359166,5.11613,33.2797,0.654028
rmse,last,1,0.001,633,500,1.0,0.0,3,2,5,1,10,551,279,14.0917,43.5914,0.359375,5.16497,33.2764,0.654028
rmse,last,1,0.001,633,500,1.0,0.0,3,2,5,1,10,551,280,14.8562,43.5799,0.364347,5.71449,33.2933,0.616114
rmse,last,1,0.001,633,500,1.0,0.0,3,2,5,1,10,551,281,14.8205,43.6052,0.363369,5.6338,33.2388,0.622433
rmse,last,1,0.001,633,500,1.0,0.0,3,2,5,1,10,551,282,14.145,43.6516,0.35742,5.15393,33.2132,0.64613
rmse,last,1,0.001,633,500,1.0,0.0,3,2,5,1,10,551,283,13.9872,43.6853,0.355014,5.09731,33.3139,0.647709
rmse,last,1,0.001,633,500,1.0,0.0,3,2,5,1,10,551,284,14.872,43.6184,0.363842,5.58415,33.2027,0.633491
rmse,last,1,0.001,633,500,1.0,0.0,3,2,5,1,10,551,285,15.0606,43.6105,0.364938,5.81762,33.3375,0.620853
rmse,last,1,0.001,633,500,1.0,0.0,3,2,5,1,10,551,286,13.3264,43.8113,0.34498,5.66186,34.9469,0.597156
rmse,last,1,0.001,633,500,1.0,0.0,3,2,5,1,10,551,287,13.7684,43.7044,0.352749,5.32453,33.8513,0.624013
rmse,last,1,0.001,633,500,1.0,0.0,3,2,5,1,10,551,288,15.408,43.598,0.365961,6.7876,34.0423,0.589257
rmse,last,1,0.001,633,500,1.0,0.0,3,2,5,1,10,551,289,15.0829,43.5943,0.364301,6.2727,33.7457,0.609795
rmse,last,1,0.001,633,500,1.0,0.0,3,2,5,1,10,551,290,14.2415,43.6267,0.358492,5.45707,33.54,0.638231
rmse,last,1,0.001,633,500,1.0,0.0,3,2,5,1,10,551,291,13.919,43.6498,0.355424,5.2839,33.6386,0.638231
rmse,last,1,0.001,633,500,1.0,0.0,3,2,5,1,10,551,292,14.3503,43.5882,0.361503,5.41386,33.437,0.631912
rmse,last,1,0.001,633,500,1.0,0.0,3,2,5,1,10,551,293,14.8347,43.5538,0.365944,5.92753,33.5525,0.624013
rmse,last,1,0.001,633,500,1.0,0.0,3,2,5,1,10,551,294,14.8009,43.5553,0.365812,5.83053,33.4662,0.627172
rmse,last,1,0.001,633,500,1.0,0.0,3,2,5,1,10,551,295,14.2616,43.6088,0.360141,5.22803,33.2375,0.64297
rmse,last,1,0.001,633,500,1.0,0.0,3,2,5,1,10,551,296,14.1206,43.6447,0.357257,5.11119,33.2626,0.63981
rmse,last,1,0.001,633,500,1.0,0.0,3,2,5,1,10,551,297,14.544,43.6272,0.360709,5.37326,33.1011,0.630332
rmse,last,1,0.001,633,500,1.0,0.0,3,2,5,1,10,551,298,14.944,43.6225,0.362601,5.67789,33.1771,0.619273
rmse,last,1,0.001,633,500,1.0,0.0,3,2,5,1,10,551,299,15.0257,43.638,0.362503,5.67266,33.1757,0.620853
rmse,last,1,0.001,633,500,1.0,0.0,3,2,5,1,10,551,300,14.7517,43.6681,0.360161,5.41083,33.1124,0.622433
rmse,last,1,0.001,633,500,1.0,0.0,3,2,5,1,10,551,-1,15.7685,44.3842,0.346642,17.197,41.5409,0.385714
rmse,last,1,0.001,633,500,1.0,0.0,3,2,5,1,10,551,301,14.5251,43.6907,0.357761,5.29475,33.1699,0.635071
rmse,last,1,0.001,633,500,1.0,0.0,3,2,5,1,10,551,302,14.7617,43.6811,0.360086,5.32692,33.0684,0.64139
rmse,last,1,0.001,633,500,1.0,0.0,3,2,5,1,10,551,303,15.1825,43.6677,0.363659,5.64006,33.0956,0.631912
rmse,last,1,0.001,633,500,1.0,0.0,3,2,5,1,10,551,304,15.2967,43.6626,0.364849,5.7111,33.1141,0.633491
rmse,last,1,0.001,633,500,1.0,0.0,3,2,5,1,10,551,305,14.9504,43.6658,0.36275,5.48221,33.0351,0.649289
rmse,last,1,0.001,633,500,1.0,0.0,3,2,5,1,10,551,306,14.6288,43.6766,0.35935,5.3221,33.0397,0.64455
rmse,last,1,0.001,633,500,1.0,0.0,3,2,5,1,10,551,307,14.5922,43.6822,0.359266,5.27169,32.9904,0.649289
rmse,last,1,0.001,633,500,1.0,0.0,3,2,5,1,10,551,308,14.8528,43.6812,0.361107,5.34393,32.9253,0.652449
rmse,last,1,0.001,633,500,1.0,0.0,3,2,5,1,10,551,309,15.0664,43.6851,0.362343,5.51474,32.939,0.64455
rmse,last,1,0.001,633,500,1.0,0.0,3,2,5,1,10,551,310,15.0034,43.6981,0.361119,5.4237,32.9079,0.64455
rmse,last,1,0.001,633,500,1.0,0.0,3,2,5,1,10,551,311,14.8705,43.7118,0.359587,5.31452,32.8924,0.650869
rmse,last,1,0.001,633,500,1.0,0.0,3,2,5,1,10,551,312,14.8315,43.726,0.358564,5.28477,32.8695,0.657188
rmse,last,1,0.001,633,500,1.0,0.0,3,2,5,1,10,551,313,14.8636,43.7349,0.35871,5.29461,32.8535,0.649289
rmse,last,1,0.001,633,500,1.0,0.0,3,2,5,1,10,551,314,14.8916,43.7392,0.359066,5.32798,32.8452,0.64613
rmse,last,1,0.001,633,500,1.0,0.0,3,2,5,1,10,551,315,14.938,43.7404,0.359682,5.34916,32.8172,0.64455
rmse,last,1,0.001,633,500,1.0,0.0,3,2,5,1,10,551,316,14.9785,43.7417,0.360224,5.3523,32.7804,0.64613
rmse,last,1,0.001,633,500,1.0,0.0,3,2,5,1,10,551,317,15.0048,43.746,0.360703,5.32568,32.7593,0.650869
rmse,last,1,0.001,633,500,1.0,0.0,3,2,5,1,10,551,318,15.2445,43.7462,0.361947,5.48328,32.7808,0.652449
rmse,last,1,0.001,633,500,1.0,0.0,3,2,5,1,10,551,319,15.2155,43.7623,0.361259,5.44285,32.7487,0.650869
rmse,last,1,0.001,633,500,1.0,0.0,3,2,5,1,10,551,320,15.0438,43.7959,0.358879,5.31436,32.7304,0.649289
rmse,last,1,0.001,633,500,1.0,0.0,3,2,5,1,10,551,321,15.012,43.8203,0.357753,5.26777,32.7263,0.655608
rmse,last,1,0.001,633,500,1.0,0.0,3,2,5,1,10,551,322,15.2032,43.8278,0.358527,5.34088,32.6905,0.649289
rmse,last,1,0.001,633,500,1.0,0.0,3,2,5,1,10,551,323,15.3516,43.8357,0.359467,5.47417,32.7067,0.64297
rmse,last,1,0.001,633,500,1.0,0.0,3,2,5,1,10,551,324,15.1329,43.86,0.357099,5.24583,32.6656,0.661927
rmse,last,1,0.001,633,500,1.0,0.0,3,2,5,1,10,551,325,15.1233,43.8628,0.356912,5.23089,32.6499,0.663507
rmse,last,1,0.001,633,500,1.0,0.0,3,2,5,1,10,551,326,15.3379,43.8458,0.359054,5.37658,32.6299,0.652449
rmse,last,1,0.001,633,500,1.0,0.0,3,2,5,1,10,551,327,15.3079,43.8514,0.358558,5.34935,32.6107,0.654028
rmse,last,1,0.001,633,500,1.0,0.0,3,2,5,1,10,551,328,15.1446,43.8715,0.356875,5.2295,32.6019,0.658768
rmse,last,1,0.001,633,500,1.0,0.0,3,2,5,1,10,551,329,15.2011,43.8813,0.356852,5.25405,32.5771,0.660348
rmse,last,1,0.001,633,500,1.0,0.0,3,2,5,1,10,551,330,15.3198,43.8889,0.357259,5.35263,32.576,0.652449
rmse,last,1,0.001,633,500,1.0,0.0,3,2,5,1,10,551,331,15.1888,43.9086,0.355651,5.19903,32.5468,0.666667
rmse,last,1,0.001,633,500,1.0,0.0,3,2,5,1,10,551,332,15.209,43.9137,0.355651,5.19081,32.5289,0.668246
rmse,last,1,0.001,633,500,1.0,0.0,3,2,5,1,10,551,333,15.3563,43.9111,0.3566,5.30178,32.5184,0.655608
rmse,last,1,0.001,633,500,1.0,0.0,3,2,5,1,10,551,334,15.2411,43.9261,0.354951,5.20657,32.4986,0.669826
rmse,last,1,0.001,633,500,1.0,0.0,3,2,5,1,10,551,335,15.3716,43.932,0.355625,5.27467,32.4788,0.661927
rmse,last,1,0.001,633,500,1.0,0.0,3,2,5,1,10,551,336,15.3909,43.9399,0.35525,5.25817,32.4587,0.661927
rmse,last,1,0.001,633,500,1.0,0.0,3,2,5,1,10,551,337,15.3943,43.9497,0.35498,5.23432,32.4483,0.665087
rmse,last,1,0.001,633,500,1.0,0.0,3,2,5,1,10,551,338,15.4352,43.9549,0.355118,5.24713,32.4372,0.665087
rmse,last,1,0.001,633,500,1.0,0.0,3,2,5,1,10,551,339,15.4641,43.9618,0.355138,5.25565,32.4214,0.666667
rmse,last,1,0.001,633,500,1.0,0.0,3,2,5,1,10,551,340,15.483,43.9709,0.354946,5.26208,32.4086,0.668246
rmse,last,1,0.001,633,500,1.0,0.0,3,2,5,1,10,551,341,15.4959,43.9818,0.354475,5.2601,32.3976,0.668246
rmse,last,1,0.001,633,500,1.0,0.0,3,2,5,1,10,551,342,15.4751,43.9913,0.354126,5.23366,32.383,0.669826
rmse,last,1,0.001,633,500,1.0,0.0,3,2,5,1,10,551,343,15.5516,43.9896,0.354782,5.26756,32.3675,0.665087
rmse,last,1,0.001,633,500,1.0,0.0,3,2,5,1,10,551,344,15.5206,43.9981,0.353974,5.22319,32.3544,0.665087
rmse,last,1,0.001,633,500,1.0,0.0,3,2,5,1,10,551,345,15.543,44.0038,0.354051,5.22896,32.3424,0.669826
rmse,last,1,0.001,633,500,1.0,0.0,3,2,5,1,10,551,346,15.6116,44.0083,0.354097,5.26673,32.3309,0.666667
rmse,last,1,0.001,633,500,1.0,0.0,3,2,5,1,10,551,347,15.5322,44.0201,0.353274,5.2149,32.3216,0.671406
rmse,last,1,0.001,633,500,1.0,0.0,3,2,5,1,10,551,348,15.6522,44.017,0.354269,5.28773,32.3079,0.665087
rmse,last,1,0.001,633,500,1.0,0.0,3,2,5,1,10,551,349,15.6321,44.0233,0.354091,5.25842,32.2923,0.666667
rmse,last,1,0.001,633,500,1.0,0.0,3,2,5,1,10,551,350,15.628,44.032,0.35367,5.23081,32.2787,0.671406
rmse,last,1,0.001,633,500,1.0,0.0,3,2,5,1,10,551,-1,16.6389,44.6049,0.344957,19.2189,42.5044,0.4
rmse,last,1,0.001,633,500,1.0,0.0,3,2,5,1,10,551,351,15.7181,44.033,0.354318,5.2766,32.271,0.665087
rmse,last,1,0.001,633,500,1.0,0.0,3,2,5,1,10,551,352,15.5861,44.0523,0.35254,5.20021,32.2951,0.674566
rmse,last,1,0.001,633,500,1.0,0.0,3,2,5,1,10,551,353,16.3699,44.0042,0.359559,6.26502,32.8174,0.612954
rmse,last,1,0.001,633,500,1.0,0.0,3,2,5,1,10,551,354,15.5595,44.05,0.352187,5.24001,32.3448,0.665087
rmse,last,1,0.001,633,500,1.0,0.0,3,2,5,1,10,551,355,15.3247,44.0811,0.34912,5.18787,32.5969,0.663507
rmse,last,1,0.001,633,500,1.0,0.0,3,2,5,1,10,551,356,17.4947,44.0529,0.364622,8.88566,34.6682,0.541864
rmse,last,1,0.001,633,500,1.0,0.0,3,2,5,1,10,551,357,17.0279,44.1195,0.360147,7.50352,33.7792,0.589257
rmse,last,1,0.001,633,500,1.0,0.0,3,2,5,1,10,551,358,15.0742,44.3854,0.335928,6.21963,34.5564,0.586098
rmse,last,1,0.001,633,500,1.0,0.0,3,2,5,1,10,551,359,15.0793,44.3646,0.336742,6.26328,34.5553,0.582938
rmse,last,1,0.001,633,500,1.0,0.0,3,2,5,1,10,551,360,16.2231,44.1263,0.355482,6.42873,33.3099,0.625592
rmse,last,1,0.001,633,500,1.0,0.0,3,2,5,1,10,551,361,17.3361,44.0337,0.364631,8.15809,34.3174,0.57346
rmse,last,1,0.001,633,500,1.0,0.0,3,2,5,1,10,551,362,16.7151,43.9829,0.36236,6.93774,33.4115,0.614534
rmse,last,1,0.001,633,500,1.0,0.0,3,2,5,1,10,551,363,15.4143,44.0435,0.35176,5.57278,32.9428,0.63981
rmse,last,1,0.001,633,500,1.0,0.0,3,2,5,1,10,551,364,14.8262,44.1164,0.343205,5.76985,33.729,0.612954
rmse,last,1,0.001,633,500,1.0,0.0,3,2,5,1,10,551,365,14.9944,43.9997,0.349071,5.4876,33.155,0.628752
rmse,last,1,0.001,633,500,1.0,0.0,3,2,5,1,10,551,366,16.0666,43.8263,0.361692,6.34848,33.0982,0.616114
rmse,last,1,0.001,633,500,1.0,0.0,3,2,5,1,10,551,367,16.4484,43.7808,0.365393,7.0734,33.5577,0.593997
rmse,last,1,0.001,633,500,1.0,0.0,3,2,5,1,10,551,368,16.1143,43.7741,0.363197,6.61031,33.2794,0.595577
rmse,last,1,0.001,633,500,1.0,0.0,3,2,5,1,10,551,369,15.4356,43.8254,0.356035,5.81064,32.9593,0.630332
rmse,last,1,0.001,633,500,1.0,0.0,3,2,5,1,10,551,370,14.9228,43.9245,0.349254,5.66293,33.2807,0.625592
rmse,last,1,0.001,633,500,1.0,0.0,3,2,5,1,10,551,371,14.9471,43.9312,0.348876,5.70425,33.2876,0.619273
rmse,last,1,0.001,633,500,1.0,0.0,3,2,5,1,10,551,372,15.3559,43.8697,0.354369,5.74064,32.9234,0.628752
rmse,last,1,0.001,633,500,1.0,0.0,3,2,5,1,10,551,373,15.9452,43.8063,0.3606,6.11432,32.9015,0.614534
rmse,last,1,0.001,633,500,1.0,0.0,3,2,5,1,10,551,374,16.3263,43.8,0.362842,6.34226,32.9883,0.614534
rmse,last,1,0.001,633,500,1.0,0.0,3,2,5,1,10,551,375,16.1892,43.8112,0.362271,6.07972,32.7824,0.627172
rmse,last,1,0.001,633,500,1.0,0.0,3,2,5,1,10,551,376,15.8265,43.8458,0.358753,5.74893,32.638,0.636651
rmse,last,1,0.001,633,500,1.0,0.0,3,2,5,1,10,551,377,15.5495,43.8957,0.355367,5.58661,32.6835,0.64297
rmse,last,1,0.001,633,500,1.0,0.0,3,2,5,1,10,551,378,15.4945,43.9218,0.354584,5.52,32.7197,0.63981
rmse,last,1,0.001,633,500,1.0,0.0,3,2,5,1,10,551,379,15.831,43.8815,0.358297,5.74344,32.6155,0.633491
rmse,last,1,0.001,633,500,1.0,0.0,3,2,5,1,10,551,380,16.1422,43.8619,0.361672,6.10993,32.7241,0.620853
rmse,last,1,0.001,633,500,1.0,0.0,3,2,5,1,10,551,381,15.9587,43.8889,0.359513,5.82281,32.5642,0.628752
rmse,last,1,0.001,633,500,1.0,0.0,3,2,5,1,10,551,382,15.6676,43.9313,0.356786,5.58669,32.5313,0.647709
rmse,last,1,0.001,633,500,1.0,0.0,3,2,5,1,10,551,383,15.5784,43.9539,0.355106,5.50719,32.5548,0.64455
rmse,last,1,0.001,633,500,1.0,0.0,3,2,5,1,10,551,384,15.6684,43.9598,0.355588,5.52864,32.5119,0.650869
rmse,last,1,0.001,633,500,1.0,0.0,3,2,5,1,10,551,385,15.8544,43.9529,0.357162,5.57974,32.4604,0.652449
rmse,last,1,0.001,633,500,1.0,0.0,3,2,5,1,10,551,386,16.0631,43.9562,0.35838,5.6828,32.4314,0.64455
rmse,last,1,0.001,633,500,1.0,0.0,3,2,5,1,10,551,387,16.1801,43.9754,0.358475,5.75446,32.422,0.64297
rmse,last,1,0.001,633,500,1.0,0.0,3,2,5,1,10,551,388,16.0924,44.0012,0.357024,5.65754,32.3744,0.64139
rmse,last,1,0.001,633,500,1.0,0.0,3,2,5,1,10,551,389,15.9168,44.0341,0.354389,5.53821,32.3695,0.647709
rmse,last,1,0.001,633,500,1.0,0.0,3,2,5,1,10,551,390,15.8657,44.0631,0.35324,5.50292,32.3709,0.654028
rmse,last,1,0.001,633,500,1.0,0.0,3,2,5,1,10,551,391,16.0621,44.0673,0.354177,5.61039,32.323,0.64297
rmse,last,1,0.001,633,500,1.0,0.0,3,2,5,1,10,551,392,16.1763,44.0676,0.355052,5.67225,32.2929,0.647709
rmse,last,1,0.001,633,500,1.0,0.0,3,2,5,1,10,551,393,16.1643,44.0734,0.354831,5.62534,32.2563,0.649289
rmse,last,1,0.001,633,500,1.0,0.0,3,2,5,1,10,551,394,16.0695,44.0866,0.353687,5.52971,32.2362,0.654028
rmse,last,1,0.001,633,500,1.0,0.0,3,2,5,1,10,551,395,15.9279,44.1023,0.352113,5.51086,32.2929,0.652449
rmse,last,1,0.001,633,500,1.0,0.0,3,2,5,1,10,551,396,15.9413,44.1064,0.352116,5.48476,32.2329,0.652449
rmse,last,1,0.001,633,500,1.0,0.0,3,2,5,1,10,551,397,16.0712,44.0981,0.35342,5.55012,32.2101,0.652449
rmse,last,1,0.001,633,500,1.0,0.0,3,2,5,1,10,551,398,16.1658,44.0935,0.354404,5.5857,32.1891,0.652449
rmse,last,1,0.001,633,500,1.0,0.0,3,2,5,1,10,551,399,16.2717,44.0917,0.355247,5.57492,32.1608,0.650869
rmse,last,1,0.001,633,500,1.0,0.0,3,2,5,1,10,551,400,16.2141,44.1151,0.35404,5.52732,32.1425,0.655608
rmse,last,1,0.001,633,500,1.0,0.0,3,2,5,1,10,551,-1,17.0926,44.8265,0.340679,19.2656,42.7906,0.414286
rmse,last,1,0.001,633,500,1.0,0.0,3,2,5,1,10,551,401,16.0953,44.1396,0.352529,5.44699,32.1583,0.663507
rmse,last,1,0.001,633,500,1.0,0.0,3,2,5,1,10,551,402,16.1208,44.148,0.352446,5.44078,32.162,0.660348
rmse,last,1,0.001,633,500,1.0,0.0,3,2,5,1,10,551,403,16.2516,44.1464,0.353538,5.49795,32.1375,0.660348
rmse,last,1,0.001,633,500,1.0,0.0,3,2,5,1,10,551,404,16.3627,44.1406,0.354266,5.56105,32.1169,0.657188
rmse,last,1,0.001,633,500,1.0,0.0,3,2,5,1,10,551,405,16.3123,44.1454,0.354189,5.49687,32.0799,0.658768
rmse,last,1,0.001,633,500,1.0,0.0,3,2,5,1,10,551,406,16.2044,44.1524,0.352778,5.38321,32.0522,0.666667
rmse,last,1,0.001,633,500,1.0,0.0,3,2,5,1,10,551,407,16.1826,44.1563,0.352523,5.37718,32.0448,0.669826
rmse,last,1,0.001,633,500,1.0,0.0,3,2,5,1,10,551,408,16.2569,44.1569,0.352944,5.41494,32.031,0.661927
rmse,last,1,0.001,633,500,1.0,0.0,3,2,5,1,10,551,409,16.3269,44.1559,0.353412,5.47343,32.0285,0.655608
rmse,last,1,0.001,633,500,1.0,0.0,3,2,5,1,10,551,410,16.3026,44.1638,0.352936,5.45153,32.0156,0.660348
rmse,last,1,0.001,633,500,1.0,0.0,3,2,5,1,10,551,411,16.2338,44.1763,0.352213,5.39306,31.9997,0.663507
rmse,last,1,0.001,633,500,1.0,0.0,3,2,5,1,10,551,412,16.2327,44.1816,0.352348,5.37852,31.9769,0.668246
rmse,last,1,0.001,633,500,1.0,0.0,3,2,5,1,10,551,413,16.2999,44.1803,0.352904,5.41181,31.9553,0.665087
rmse,last,1,0.001,633,500,1.0,0.0,3,2,5,1,10,551,414,16.3424,44.1821,0.353091,5.44191,31.9442,0.663507
rmse,last,1,0.001,633,500,1.0,0.0,3,2,5,1,10,551,415,16.3321,44.1887,0.352844,5.42745,31.9328,0.663507
rmse,last,1,0.001,633,500,1.0,0.0,3,2,5,1,10,551,416,16.3287,44.1965,0.352552,5.44942,31.9362,0.665087
rmse,last,1,0.001,633,500,1.0,0.0,3,2,5,1,10,551,417,16.365,44.1925,0.352913,5.46091,31.9211,0.663507
rmse,last,1,0.001,633,500,1.0,0.0,3,2,5,1,10,551,418,16.3846,44.1883,0.353217,5.41798,31.8933,0.663507
rmse,last,1,0.001,633,500,1.0,0.0,3,2,5,1,10,551,419,16.393,44.1888,0.3532,5.39835,31.8793,0.666667
rmse,last,1,0.001,633,500,1.0,0.0,3,2,5,1,10,551,420,16.3772,44.193,0.353151,5.36973,31.8671,0.671406
rmse,last,1,0.001,633,500,1.0,0.0,3,2,5,1,10,551,421,16.3829,44.1948,0.35334,5.35581,31.8554,0.671406
rmse,last,1,0.001,633,500,1.0,0.0,3,2,5,1,10,551,422,16.3908,44.1962,0.353526,5.34467,31.8441,0.672986
rmse,last,1,0.001,633,500,1.0,0.0,3,2,5,1,10,551,423,16.3733,44.1988,0.353506,5.32567,31.8319,0.674566
rmse,last,1,0.001,633,500,1.0,0.0,3,2,5,1,10,551,424,16.3939,44.197,0.353802,5.32883,31.8177,0.671406
rmse,last,1,0.001,633,500,1.0,0.0,3,2,5,1,10,551,425,16.3996,44.1963,0.353934,5.31802,31.8014,0.672986
rmse,last,1,0.001,633,500,1.0,0.0,3,2,5,1,10,551,426,16.4239,44.1952,0.353977,5.31689,31.7886,0.677725
rmse,last,1,0.001,633,500,1.0,0.0,3,2,5,1,10,551,427,16.4428,44.1964,0.354172,5.31586,31.782,0.677725
rmse,last,1,0.001,633,500,1.0,0.0,3,2,5,1,10,551,428,16.4463,44.2016,0.354028,5.30331,31.7691,0.679305
rmse,last,1,0.001,633,500,1.0,0.0,3,2,5,1,10,551,429,16.4496,44.2065,0.353882,5.29333,31.7545,0.677725
rmse,last,1,0.001,633,500,1.0,0.0,3,2,5,1,10,551,430,16.4406,44.2131,0.353681,5.28443,31.7463,0.674566
rmse,last,1,0.001,633,500,1.0,0.0,3,2,5,1,10,551,431,16.4498,44.2152,0.35365,5.28447,31.7362,0.674566
rmse,last,1,0.001,633,500,1.0,0.0,3,2,5,1,10,551,432,16.472,44.2132,0.353951,5.29463,31.722,0.676145
rmse,last,1,0.001,633,500,1.0,0.0,3,2,5,1,10,551,433,16.4942,44.2123,0.354346,5.30597,31.7094,0.676145
rmse,last,1,0.001,633,500,1.0,0.0,3,2,5,1,10,551,434,16.5127,44.2159,0.354616,5.31084,31.7005,0.677725
rmse,last,1,0.001,633,500,1.0,0.0,3,2,5,1,10,551,435,16.5312,44.2208,0.35447,5.31265,31.6897,0.677725
rmse,last,1,0.001,633,500,1.0,0.0,3,2,5,1,10,551,436,16.5484,44.2273,0.354424,5.30996,31.677,0.677725
rmse,last,1,0.001,633,500,1.0,0.0,3,2,5,1,10,551,437,16.5572,44.2364,0.35387,5.3008,31.6675,0.679305
rmse,last,1,0.001,633,500,1.0,0.0,3,2,5,1,10,551,438,16.5673,44.244,0.353635,5.296,31.6586,0.679305
rmse,last,1,0.001,633,500,1.0,0.0,3,2,5,1,10,551,439,16.592,44.2476,0.353696,5.30309,31.6477,0.680885
rmse,last,1,0.001,633,500,1.0,0.0,3,2,5,1,10,551,440,16.6079,44.25,0.353767,5.30774,31.6372,0.682464
rmse,last,1,0.001,633,500,1.0,0.0,3,2,5,1,10,551,441,16.6158,44.2502,0.353911,5.30722,31.6268,0.682464
rmse,last,1,0.001,633,500,1.0,0.0,3,2,5,1,10,551,442,16.6312,44.2501,0.353925,5.30709,31.6163,0.682464
rmse,last,1,0.001,633,500,1.0,0.0,3,2,5,1,10,551,443,16.6356,44.2533,0.353787,5.30134,31.6061,0.680885
rmse,last,1,0.001,633,500,1.0,0.0,3,2,5,1,10,551,444,16.646,44.2584,0.353475,5.29751,31.5958,0.682464
rmse,last,1,0.001,633,500,1.0,0.0,3,2,5,1,10,551,445,16.6634,44.2646,0.353412,5.29556,31.5859,0.685624
rmse,last,1,0.001,633,500,1.0,0.0,3,2,5,1,10,551,446,16.6711,44.2729,0.353131,5.28863,31.5759,0.687204
rmse,last,1,0.001,633,500,1.0,0.0,3,2,5,1,10,551,447,16.6924,44.2794,0.353056,5.28569,31.5661,0.688784
rmse,last,1,0.001,633,500,1.0,0.0,3,2,5,1,10,551,448,16.6993,44.2879,0.352867,5.28089,31.5566,0.688784
rmse,last,1,0.001,633,500,1.0,0.0,3,2,5,1,10,551,449,16.7176,44.2945,0.352775,5.28451,31.547,0.688784
rmse,last,1,0.001,633,500,1.0,0.0,3,2,5,1,10,551,450,16.737,44.3,0.352735,5.29143,31.5373,0.688784
rmse,last,1,0.001,633,500,1.0,0.0,3,2,5,1,10,551,-1,17.6166,44.9133,0.344672,20.5737,43.1666,0.4
rmse,last,1,0.001,633,500,1.0,0.0,3,2,5,1,10,551,451,16.75,44.3059,0.352629,5.29398,31.528,0.688784
rmse,last,1,0.001,633,500,1.0,0.0,3,2,5,1,10,551,452,16.7717,44.3099,0.352738,5.29716,31.5187,0.688784
rmse,last,1,0.001,633,500,1.0,0.0,3,2,5,1,10,551,453,16.7807,44.3154,0.352681,5.29352,31.5087,0.688784
rmse,last,1,0.001,633,500,1.0,0.0,3,2,5,1,10,551,454,16.8017,44.3201,0.352577,5.29323,31.4993,0.687204
rmse,last,1,0.001,633,500,1.0,0.0,3,2,5,1,10,551,455,16.812,44.3259,0.352483,5.28796,31.4902,0.688784
rmse,last,1,0.001,633,500,1.0,0.0,3,2,5,1,10,551,456,16.8369,44.3299,0.352663,5.29001,31.4809,0.687204
rmse,last,1,0.001,633,500,1.0,0.0,3,2,5,1,10,551,457,16.8524,44.334,0.352632,5.29185,31.4717,0.687204
rmse,last,1,0.001,633,500,1.0,0.0,3,2,5,1,10,551,458,16.8798,44.3358,0.352704,5.30046,31.4629,0.687204
rmse,last,1,0.001,633,500,1.0,0.0,3,2,5,1,10,551,459,16.8653,44.3456,0.352319,5.28612,31.455,0.690363
rmse,last,1,0.001,633,500,1.0,0.0,3,2,5,1,10,551,460,16.9725,44.3327,0.353286,5.35236,31.4634,0.680885
rmse,last,1,0.001,633,500,1.0,0.0,3,2,5,1,10,551,461,16.7833,44.3709,0.350935,5.23847,31.5014,0.691943
rmse,last,1,0.001,633,500,1.0,0.0,3,2,5,1,10,551,462,17.5963,44.2554,0.359384,6.51299,32.0966,0.614534
rmse,last,1,0.001,633,500,1.0,0.0,3,2,5,1,10,551,463,17.2013,44.3025,0.355777,5.6993,31.6283,0.650869
rmse,last,1,0.001,633,500,1.0,0.0,3,2,5,1,10,551,464,16.5037,44.4513,0.346677,5.32929,32.055,0.677725
rmse,last,1,0.001,633,500,1.0,0.0,3,2,5,1,10,551,465,16.8979,44.3399,0.351884,5.41397,31.6298,0.684044
rmse,last,1,0.001,633,500,1.0,0.0,3,2,5,1,10,551,466,17.7278,44.2212,0.360364,6.49634,32.0229,0.614534
rmse,last,1,0.001,633,500,1.0,0.0,3,2,5,1,10,551,467,17.7236,44.2143,0.359995,6.39913,31.974,0.630332
rmse,last,1,0.001,633,500,1.0,0.0,3,2,5,1,10,551,468,17.0421,44.2996,0.35365,5.57111,31.6428,0.672986
rmse,last,1,0.001,633,500,1.0,0.0,3,2,5,1,10,551,469,16.459,44.4154,0.346465,5.32529,32.0555,0.671406
rmse,last,1,0.001,633,500,1.0,0.0,3,2,5,1,10,551,470,16.9442,44.3108,0.352853,5.44747,31.5845,0.676145
rmse,last,1,0.001,633,500,1.0,0.0,3,2,5,1,10,551,471,17.4479,44.2346,0.358375,5.86288,31.7278,0.654028
rmse,last,1,0.001,633,500,1.0,0.0,3,2,5,1,10,551,472,17.3969,44.2491,0.357641,5.7924,31.69,0.655608
rmse,last,1,0.001,633,500,1.0,0.0,3,2,5,1,10,551,473,16.9109,44.3363,0.352351,5.39744,31.5738,0.682464
rmse,last,1,0.001,633,500,1.0,0.0,3,2,5,1,10,551,474,16.7146,44.3776,0.349389,5.34641,31.7018,0.684044
rmse,last,1,0.001,633,500,1.0,0.0,3,2,5,1,10,551,475,17.0381,44.3394,0.352927,5.40096,31.5204,0.677725
rmse,last,1,0.001,633,500,1.0,0.0,3,2,5,1,10,551,476,17.5133,44.2988,0.356821,5.67934,31.5886,0.665087
rmse,last,1,0.001,633,500,1.0,0.0,3,2,5,1,10,551,477,17.4683,44.3093,0.356408,5.62299,31.5358,0.665087
rmse,last,1,0.001,633,500,1.0,0.0,3,2,5,1,10,551,478,17.0704,44.3689,0.352076,5.41419,31.5033,0.685624
rmse,last,1,0.001,633,500,1.0,0.0,3,2,5,1,10,551,479,16.8755,44.3948,0.35033,5.32,31.5646,0.684044
rmse,last,1,0.001,633,500,1.0,0.0,3,2,5,1,10,551,480,17.0224,44.3741,0.351755,5.37116,31.4885,0.685624
rmse,last,1,0.001,633,500,1.0,0.0,3,2,5,1,10,551,481,17.3601,44.3227,0.35574,5.53123,31.4362,0.676145
rmse,last,1,0.001,633,500,1.0,0.0,3,2,5,1,10,551,482,17.5404,44.2873,0.357322,5.68869,31.4968,0.657188
rmse,last,1,0.001,633,500,1.0,0.0,3,2,5,1,10,551,483,17.2975,44.3255,0.355757,5.45502,31.3928,0.674566
rmse,last,1,0.001,633,500,1.0,0.0,3,2,5,1,10,551,484,17.0262,44.3836,0.352784,5.28142,31.4359,0.684044
rmse,last,1,0.001,633,500,1.0,0.0,3,2,5,1,10,551,485,17.1381,44.3756,0.35381,5.33175,31.3753,0.682464
rmse,last,1,0.001,633,500,1.0,0.0,3,2,5,1,10,551,486,17.3389,44.3463,0.355803,5.47314,31.3713,0.672986
rmse,last,1,0.001,633,500,1.0,0.0,3,2,5,1,10,551,487,17.3286,44.3676,0.355224,5.46082,31.3553,0.674566
rmse,last,1,0.001,633,500,1.0,0.0,3,2,5,1,10,551,488,17.1545,44.4123,0.352996,5.30212,31.3456,0.685624
rmse,last,1,0.001,633,500,1.0,0.0,3,2,5,1,10,551,489,17.1193,44.4282,0.352454,5.2576,31.3447,0.687204
rmse,last,1,0.001,633,500,1.0,0.0,3,2,5,1,10,551,490,17.2869,44.4078,0.353793,5.3485,31.3026,0.690363
rmse,last,1,0.001,633,500,1.0,0.0,3,2,5,1,10,551,491,17.4103,44.392,0.354828,5.40965,31.3156,0.679305
rmse,last,1,0.001,633,500,1.0,0.0,3,2,5,1,10,551,492,17.2975,44.415,0.353919,5.3158,31.2786,0.690363
rmse,last,1,0.001,633,500,1.0,0.0,3,2,5,1,10,551,493,17.1897,44.4407,0.352425,5.21643,31.285,0.690363
rmse,last,1,0.001,633,500,1.0,0.0,3,2,5,1,10,551,494,17.3066,44.4228,0.353575,5.28189,31.2497,0.690363
rmse,last,1,0.001,633,500,1.0,0.0,3,2,5,1,10,551,495,17.4294,44.4045,0.354521,5.34743,31.2636,0.690363
rmse,last,1,0.001,633,500,1.0,0.0,3,2,5,1,10,551,496,17.2725,44.4406,0.35295,5.21121,31.2297,0.695103
rmse,last,1,0.001,633,500,1.0,0.0,3,2,5,1,10,551,497,17.2502,44.4497,0.352784,5.18,31.2249,0.690363
rmse,last,1,0.001,633,500,1.0,0.0,3,2,5,1,10,551,498,17.4072,44.4213,0.354521,5.31664,31.2242,0.688784
rmse,last,1,0.001,633,500,1.0,0.0,3,2,5,1,10,551,499,17.3351,44.4376,0.353782,5.24976,31.1913,0.693523
rmse,last,1,0.001,633,500,1.0,0.0,3,2,5,1,10,551,-2,18.6071,44.9124,0.343593,20.1415,44.2855,0.365714
rmse,last,9,0.001,70,500,1.0,0.0,3,2,5,1,10,551,0,6.59701,44.4401,0.314234,6.03542,42.5004,0.342857
rmse,last,9,0.001,70,500,1.0,0.0,3,2,5,1,10,551,1,6.42286,44.4792,0.310708,5.58281,42.2961,0.342857
rmse,last,9,0.001,70,500,1.0,0.0,3,2,5,1,10,551,2,6.37078,44.4765,0.308737,5.42348,42.1681,0.385714
rmse,last,9,0.001,70,500,1.0,0.0,3,2,5,1,10,551,3,6.4042,44.3741,0.310604,5.45769,42.0339,0.385714
rmse,last,9,0.001,70,500,1.0,0.0,3,2,5,1,10,551,4,6.43541,44.2487,0.315141,5.51299,41.9257,0.371429
rmse,last,9,0.001,70,500,1.0,0.0,3,2,5,1,10,551,5,6.43275,44.1581,0.316515,5.47806,41.8375,0.371429
rmse,last,9,0.001,70,500,1.0,0.0,3,2,5,1,10,551,6,6.40492,44.1101,0.316749,5.3744,41.7363,0.371429
rmse,last,9,0.001,70,500,1.0,0.0,3,2,5,1,10,551,7,6.36179,44.0799,0.316827,5.26423,41.6334,0.371429
rmse,last,9,0.001,70,500,1.0,0.0,3,2,5,1,10,551,8,6.31159,44.0468,0.316282,5.16749,41.5447,0.385714
rmse,last,9,0.001,70,500,1.0,0.0,3,2,5,1,10,551,9,6.26481,44.0025,0.316749,5.09061,41.467,0.385714
rmse,last,9,0.001,70,500,1.0,0.0,3,2,5,1,10,551,10,6.23039,43.9544,0.317215,5.0116,41.3828,0.385714
rmse,last,9,0.001,70,500,1.0,0.0,3,2,5,1,10,551,11,6.21126,43.906,0.317734,4.94085,41.2909,0.385714
rmse,last,9,0.001,70,500,1.0,0.0,3,2,5,1,10,551,12,6.20714,43.8584,0.31903,4.89195,41.1975,0.385714
rmse,last,9,0.001,70,500,1.0,0.0,3,2,5,1,10,551,13,6.21395,43.8116,0.319886,4.86551,41.1065,0.385714
rmse,last,9,0.001,70,500,1.0,0.0,3,2,5,1,10,551,14,6.22923,43.7679,0.320093,4.85536,41.0196,0.385714
rmse,last,9,0.001,70,500,1.0,0.0,3,2,5,1,10,551,15,6.24581,43.7302,0.320534,4.85046,40.9347,0.385714
rmse,last,9,0.001,70,500,1.0,0.0,3,2,5,1,10,551,16,6.25848,43.7015,0.320249,4.84193,40.8496,0.385714
rmse,last,9,0.001,70,500,1.0,0.0,3,2,5,1,10,551,17,6.26753,43.6825,0.319886,4.82671,40.7635,0.4
rmse,last,9,0.001,70,500,1.0,0.0,3,2,5,1,10,551,18,6.27214,43.6685,0.319627,4.80778,40.6763,0.4
rmse,last,9,0.001,70,500,1.0,0.0,3,2,5,1,10,551,19,6.27751,43.6566,0.319834,4.79054,40.5875,0.4
rmse,last,9,0.001,70,500,1.0,0.0,3,2,5,1,10,551,20,6.28477,43.6436,0.320145,4.77909,40.4958,0.4
rmse,last,9,0.001,70,500,1.0,0.0,3,2,5,1,10,551,21,6.2964,43.6304,0.319575,4.77105,40.4021,0.4
rmse,last,9,0.001,70,500,1.0,0.0,3,2,5,1,10,551,22,6.30838,43.6187,0.319082,4.75663,40.3106,0.4
rmse,last,9,0.001,70,500,1.0,0.0,3,2,5,1,10,551,23,6.31151,43.6102,0.319834,4.72563,40.2212,0.4
rmse,last,9,0.001,70,500,1.0,0.0,3,2,5,1,10,551,24,6.3034,43.6055,0.319393,4.6787,40.13,0.4
rmse,last,9,0.001,70,500,1.0,0.0,3,2,5,1,10,551,25,6.28846,43.6044,0.319004,4.62668,40.0365,0.4
rmse,last,9,0.001,70,500,1.0,0.0,3,2,5,1,10,551,26,6.26898,43.6035,0.318719,4.57856,39.9427,0.4
rmse,last,9,0.001,70,500,1.0,0.0,3,2,5,1,10,551,27,6.24561,43.5989,0.318693,4.52641,39.8473,0.414286
rmse,last,9,0.001,70,500,1.0,0.0,3,2,5,1,10,551,28,6.21604,43.5862,0.31833,4.46882,39.7536,0.414286
rmse,last,9,0.001,70,500,1.0,0.0,3,2,5,1,10,551,29,6.18645,43.5635,0.31833,4.4177,39.6637,0.414286
rmse,last,9,0.001,70,500,1.0,0.0,3,2,5,1,10,551,30,6.16458,43.5327,0.318538,4.37057,39.5714,0.414286
rmse,last,9,0.001,70,500,1.0,0.0,3,2,5,1,10,551,31,6.15434,43.4993,0.31846,4.32404,39.4744,0.414286
rmse,last,9,0.001,70,500,1.0,0.0,3,2,5,1,10,551,32,6.1575,43.47,0.319264,4.2801,39.3744,0.414286
rmse,last,9,0.001,70,500,1.0,0.0,3,2,5,1,10,551,33,6.1755,43.4496,0.319056,4.2417,39.2718,0.414286
rmse,last,9,0.001,70,500,1.0,0.0,3,2,5,1,10,551,34,6.21005,43.4415,0.318927,4.20945,39.1672,0.428571
rmse,last,9,0.001,70,500,1.0,0.0,3,2,5,1,10,551,35,6.25167,43.4446,0.319082,4.18022,39.0602,0.442857
rmse,last,9,0.001,70,500,1.0,0.0,3,2,5,1,10,551,36,6.29229,43.459,0.318408,4.14783,38.9473,0.442857
rmse,last,9,0.001,70,500,1.0,0.0,3,2,5,1,10,551,37,6.31718,43.4779,0.318097,4.10798,38.8277,0.442857
rmse,last,9,0.001,70,500,1.0,0.0,3,2,5,1,10,551,38,6.31098,43.4866,0.318693,4.06029,38.7052,0.471429
rmse,last,9,0.001,70,500,1.0,0.0,3,2,5,1,10,551,39,6.26059,43.4684,0.320041,4.00416,38.5801,0.471429
rmse,last,9,0.001,70,500,1.0,0.0,3,2,5,1,10,551,40,6.1724,43.4206,0.321286,3.94459,38.4527,0.457143
rmse,last,9,0.001,70,500,1.0,0.0,3,2,5,1,10,551,41,6.07124,43.3523,0.322608,3.88891,38.3263,0.457143
rmse,last,9,0.001,70,500,1.0,0.0,3,2,5,1,10,551,42,5.98582,43.2786,0.326186,3.8392,38.2027,0.471429
rmse,last,9,0.001,70,500,1.0,0.0,3,2,5,1,10,551,43,5.92775,43.211,0.328675,3.79655,38.0815,0.471429
rmse,last,9,0.001,70,500,1.0,0.0,3,2,5,1,10,551,44,5.88883,43.1574,0.331657,3.76125,37.9621,0.471429
rmse,last,9,0.001,70,500,1.0,0.0,3,2,5,1,10,551,45,5.85203,43.1226,0.332512,3.72637,37.8434,0.485714
rmse,last,9,0.001,70,500,1.0,0.0,3,2,5,1,10,551,46,5.80339,43.1069,0.335546,3.68341,37.7231,0.485714
rmse,last,9,0.001,70,500,1.0,0.0,3,2,5,1,10,551,47,5.74482,43.1061,0.338657,3.63338,37.6006,0.485714
rmse,last,9,0.001,70,500,1.0,0.0,3,2,5,1,10,551,48,5.69092,43.1123,0.340679,3.58406,37.4768,0.485714
rmse,last,9,0.001,70,500,1.0,0.0,3,2,5,1,10,551,49,5.65647,43.1166,0.341483,3.54418,37.3509,0.5
rmse,last,9,0.001,70,500,1.0,0.0,3,2,5,1,10,551,50,5.64973,43.1113,0.343687,3.51929,37.2219,0.528571
rmse,last,9,0.001,70,500,1.0,0.0,3,2,5,1,10,551,-1,5.2324,42.9718,0.348483,6.4833,41.9816,0.314286
rmse,last,9,0.001,70,500,1.0,0.0,3,2,5,1,10,551,51,5.67616,43.0964,0.344153,3.50849,37.0878,0.528571
rmse,last,9,0.001,70,500,1.0,0.0,3,2,5,1,10,551,52,5.73888,43.0815,0.345165,3.50822,36.9482,0.542857
rmse,last,9,0.001,70,500,1.0,0.0,3,2,5,1,10,551,53,5.83366,43.0778,0.345061,3.5155,36.8046,0.514286
rmse,last,9,0.001,70,500,1.0,0.0,3,2,5,1,10,551,54,5.94699,43.0931,0.345605,3.52481,36.6584,0.514286
rmse,last,9,0.001,70,500,1.0,0.0,3,2,5,1,10,551,55,6.06098,43.1278,0.345917,3.52806,36.5101,0.528571
rmse,last,9,0.001,70,500,1.0,0.0,3,2,5,1,10,551,56,6.15737,43.1684,0.345346,3.51681,36.3597,0.528571
rmse,last,9,0.001,70,500,1.0,0.0,3,2,5,1,10,551,57,6.23858,43.2061,0.344724,3.48961,36.2078,0.542857
rmse,last,9,0.001,70,500,1.0,0.0,3,2,5,1,10,551,58,6.35063,43.2613,0.344516,3.45697,36.0537,0.542857
rmse,last,9,0.001,70,500,1.0,0.0,3,2,5,1,10,551,59,6.5281,43.3571,0.342753,3.41269,35.8925,0.571429
rmse,last,9,0.001,70,500,1.0,0.0,3,2,5,1,10,551,60,6.73892,43.4834,0.339331,3.39342,35.7326,0.557143
rmse,last,9,0.001,70,500,1.0,0.0,3,2,5,1,10,551,61,6.8584,43.548,0.340187,3.35654,35.5729,0.557143
rmse,last,9,0.001,70,500,1.0,0.0,3,2,5,1,10,551,62,6.93839,43.5765,0.341172,3.32659,35.4091,0.585714
rmse,last,9,0.001,70,500,1.0,0.0,3,2,5,1,10,551,63,7.05829,43.6188,0.339746,3.31228,35.2386,0.585714
rmse,last,9,0.001,70,500,1.0,0.0,3,2,5,1,10,551,64,7.22326,43.7027,0.337542,3.27334,35.0586,0.6
rmse,last,9,0.001,70,500,1.0,0.0,3,2,5,1,10,551,65,7.4008,43.8306,0.337853,3.12963,34.8677,0.6
rmse,last,9,0.001,70,500,1.0,0.0,3,2,5,1,10,551,66,7.65378,43.9724,0.336246,3.01536,34.678,0.6
rmse,last,9,0.001,70,500,1.0,0.0,3,2,5,1,10,551,67,7.95025,44.0609,0.335079,2.97054,34.4753,0.614286
rmse,last,9,0.001,70,500,1.0,0.0,3,2,5,1,10,551,68,8.15475,44.065,0.335675,2.89023,34.2904,0.642857
rmse,last,9,0.001,70,500,1.0,0.0,3,2,5,1,10,551,69,8.27115,44.0424,0.33749,2.81765,34.1105,0.642857
rmse,last,9,0.001,70,500,1.0,0.0,3,2,5,1,10,551,70,8.54228,44.1818,0.336712,2.82592,33.9116,0.657143
rmse,last,9,0.001,70,500,1.0,0.0,3,2,5,1,10,551,71,8.93144,44.3664,0.334042,2.87225,33.7285,0.657143
rmse,last,9,0.001,70,500,1.0,0.0,3,2,5,1,10,551,72,9.24645,44.4503,0.332201,2.92154,33.5408,0.657143
rmse,last,9,0.001,70,500,1.0,0.0,3,2,5,1,10,551,73,9.39695,44.4317,0.332097,2.92492,33.3547,0.657143
rmse,last,9,0.001,70,500,1.0,0.0,3,2,5,1,10,551,74,9.61785,44.5294,0.333783,2.88425,33.1711,0.671429
rmse,last,9,0.001,70,500,1.0,0.0,3,2,5,1,10,551,75,9.94364,44.7361,0.333316,2.88181,32.9913,0.685714
rmse,last,9,0.001,70,500,1.0,0.0,3,2,5,1,10,551,76,10.1861,44.852,0.332227,2.90629,32.8244,0.685714
rmse,last,9,0.001,70,500,1.0,0.0,3,2,5,1,10,551,77,10.291,44.8237,0.333731,2.91041,32.6482,0.685714
rmse,last,9,0.001,70,500,1.0,0.0,3,2,5,1,10,551,78,10.3564,44.7328,0.335935,2.88774,32.48,0.671429
rmse,last,9,0.001,70,500,1.0,0.0,3,2,5,1,10,551,79,10.5337,44.7472,0.335987,2.89452,32.3192,0.671429
rmse,last,9,0.001,70,500,1.0,0.0,3,2,5,1,10,551,80,10.814,44.8821,0.336375,2.92017,32.159,0.671429
rmse,last,9,0.001,70,500,1.0,0.0,3,2,5,1,10,551,81,10.9682,44.9054,0.336246,2.93178,32.0051,0.671429
rmse,last,9,0.001,70,500,1.0,0.0,3,2,5,1,10,551,82,10.9526,44.7836,0.336842,2.92479,31.8439,0.671429
rmse,last,9,0.001,70,500,1.0,0.0,3,2,5,1,10,551,83,10.9342,44.6686,0.338657,2.92736,31.6958,0.671429
rmse,last,9,0.001,70,500,1.0,0.0,3,2,5,1,10,551,84,11.0378,44.649,0.338916,2.91344,31.5389,0.671429
rmse,last,9,0.001,70,500,1.0,0.0,3,2,5,1,10,551,85,11.2488,44.7507,0.33692,2.96112,31.3803,0.671429
rmse,last,9,0.001,70,500,1.0,0.0,3,2,5,1,10,551,86,11.4,44.7447,0.335779,2.79807,31.2335,0.685714
rmse,last,9,0.001,70,500,1.0,0.0,3,2,5,1,10,551,87,11.4839,44.7128,0.33762,2.89001,31.1368,0.671429
rmse,last,9,0.001,70,500,1.0,0.0,3,2,5,1,10,551,88,11.4614,44.2984,0.342598,3.16281,31.0342,0.685714
rmse,last,9,0.001,70,500,1.0,0.0,3,2,5,1,10,551,89,11.7583,44.6485,0.338838,2.81842,30.7236,0.714286
rmse,last,9,0.001,70,500,1.0,0.0,3,2,5,1,10,551,90,12.2625,45.1742,0.336038,2.70963,30.7262,0.728571
rmse,last,9,0.001,70,500,1.0,0.0,3,2,5,1,10,551,91,11.6631,44.248,0.342416,2.62216,30.5409,0.714286
rmse,last,9,0.001,70,500,1.0,0.0,3,2,5,1,10,551,92,11.3808,43.8224,0.348457,3.28688,30.9102,0.671429
rmse,last,9,0.001,70,500,1.0,0.0,3,2,5,1,10,551,93,11.6074,44.3123,0.347913,3.08642,30.2511,0.714286
rmse,last,9,0.001,70,500,1.0,0.0,3,2,5,1,10,551,94,12.0691,44.847,0.340835,2.92772,30.2144,0.714286
rmse,last,9,0.001,70,500,1.0,0.0,3,2,5,1,10,551,95,12.8418,45.5561,0.333394,3.08868,30.3362,0.728571
rmse,last,9,0.001,70,500,1.0,0.0,3,2,5,1,10,551,96,13.3064,45.882,0.329453,3.28031,30.4269,0.714286
rmse,last,9,0.001,70,500,1.0,0.0,3,2,5,1,10,551,97,13.4355,45.7459,0.330231,3.3416,30.1661,0.742857
rmse,last,9,0.001,70,500,1.0,0.0,3,2,5,1,10,551,98,13.3119,45.178,0.336194,3.31713,29.9652,0.728571
rmse,last,9,0.001,70,500,1.0,0.0,3,2,5,1,10,551,99,12.9236,44.6616,0.344802,3.2244,29.6731,0.714286
rmse,last,9,0.001,70,500,1.0,0.0,3,2,5,1,10,551,100,12.5237,44.2987,0.352476,3.59241,30.0168,0.714286
rmse,last,9,0.001,70,500,1.0,0.0,3,2,5,1,10,551,-1,12.0241,44.1439,0.356209,13.1243,43.1619,0.371429
rmse,last,9,0.001,70,500,1.0,0.0,3,2,5,1,10,551,101,12.3108,44.1512,0.354058,3.6527,30.1002,0.685714
rmse,last,9,0.001,70,500,1.0,0.0,3,2,5,1,10,551,102,12.2752,44.2862,0.354809,3.4705,29.7335,0.685714
rmse,last,9,0.001,70,500,1.0,0.0,3,2,5,1,10,551,103,12.5731,44.6284,0.353306,2.81466,29.1199,0.728571
rmse,last,9,0.001,70,500,1.0,0.0,3,2,5,1,10,551,104,13.0113,45.0232,0.345502,2.81562,28.9602,0.728571
rmse,last,9,0.001,70,500,1.0,0.0,3,2,5,1,10,551,105,13.3668,45.3343,0.340135,3.3366,29.3191,0.685714
rmse,last,9,0.001,70,500,1.0,0.0,3,2,5,1,10,551,106,13.3875,45.5168,0.34195,2.92002,29.1204,0.685714
rmse,last,9,0.001,70,500,1.0,0.0,3,2,5,1,10,551,107,13.2956,45.4295,0.344724,2.68585,28.9853,0.7
rmse,last,9,0.001,70,500,1.0,0.0,3,2,5,1,10,551,108,13.0929,45.1026,0.351232,2.99782,28.6735,0.7
rmse,last,9,0.001,70,500,1.0,0.0,3,2,5,1,10,551,109,12.9581,44.7016,0.354861,2.69413,28.4166,0.728571
rmse,last,9,0.001,70,500,1.0,0.0,3,2,5,1,10,551,110,12.9697,44.4447,0.359398,2.76029,28.4429,0.685714
rmse,last,9,0.001,70,500,1.0,0.0,3,2,5,1,10,551,111,13.0464,44.3113,0.360799,2.84803,28.449,0.7
rmse,last,9,0.001,70,500,1.0,0.0,3,2,5,1,10,551,112,13.1008,44.2909,0.360565,2.82757,28.394,0.685714
rmse,last,9,0.001,70,500,1.0,0.0,3,2,5,1,10,551,113,13.1933,44.345,0.360591,2.60334,28.2093,0.685714
rmse,last,9,0.001,70,500,1.0,0.0,3,2,5,1,10,551,114,13.3169,44.5415,0.35678,2.80837,28.1613,0.671429
rmse,last,9,0.001,70,500,1.0,0.0,3,2,5,1,10,551,115,13.5206,44.8681,0.353254,2.84417,28.1137,0.714286
rmse,last,9,0.001,70,500,1.0,0.0,3,2,5,1,10,551,116,13.8241,45.1664,0.351257,2.73523,28.0444,0.742857
rmse,last,9,0.001,70,500,1.0,0.0,3,2,5,1,10,551,117,14.09,45.3687,0.34532,2.84682,27.9163,0.742857
rmse,last,9,0.001,70,500,1.0,0.0,3,2,5,1,10,551,118,14.2001,45.3595,0.346046,2.5835,27.7255,0.742857
rmse,last,9,0.001,70,500,1.0,0.0,3,2,5,1,10,551,119,14.2286,45.2145,0.349106,2.80278,27.6156,0.714286
rmse,last,9,0.001,70,500,1.0,0.0,3,2,5,1,10,551,120,14.1558,45.0388,0.34908,2.89492,27.5045,0.7
rmse,last,9,0.001,70,500,1.0,0.0,3,2,5,1,10,551,121,14.1334,44.958,0.35048,3.10848,27.3905,0.714286
rmse,last,9,0.001,70,500,1.0,0.0,3,2,5,1,10,551,122,14.1044,44.9055,0.352528,3.14776,27.3095,0.714286
rmse,last,9,0.001,70,500,1.0,0.0,3,2,5,1,10,551,123,14.1022,44.7135,0.351983,3.71148,27.3739,0.671429
rmse,last,9,0.001,70,500,1.0,0.0,3,2,5,1,10,551,124,14.3506,44.7202,0.347628,3.29273,27.1386,0.7
rmse,last,9,0.001,70,500,1.0,0.0,3,2,5,1,10,551,125,14.5457,44.8016,0.347213,3.18753,27.1149,0.714286
rmse,last,9,0.001,70,500,1.0,0.0,3,2,5,1,10,551,126,14.5217,44.8784,0.349961,3.09622,26.955,0.728571
rmse,last,9,0.001,70,500,1.0,0.0,3,2,5,1,10,551,127,14.539,44.9865,0.350843,3.04014,26.8993,0.742857
rmse,last,9,0.001,70,500,1.0,0.0,3,2,5,1,10,551,128,14.5321,44.9583,0.35232,3.38776,26.9399,0.728571
rmse,last,9,0.001,70,500,1.0,0.0,3,2,5,1,10,551,129,14.6429,44.9027,0.351906,3.04295,26.7113,0.757143
rmse,last,9,0.001,70,500,1.0,0.0,3,2,5,1,10,551,130,14.7954,44.932,0.350143,3.07138,26.651,0.757143
rmse,last,9,0.001,70,500,1.0,0.0,3,2,5,1,10,551,131,14.9323,45.0176,0.349157,3.04095,26.5629,0.757143
rmse,last,9,0.001,70,500,1.0,0.0,3,2,5,1,10,551,132,15.0403,45.1396,0.349494,2.99489,26.453,0.757143
rmse,last,9,0.001,70,500,1.0,0.0,3,2,5,1,10,551,133,15.1682,45.3053,0.349261,3.03848,26.4354,0.742857
rmse,last,9,0.001,70,500,1.0,0.0,3,2,5,1,10,551,134,15.2608,45.3327,0.349702,2.94504,26.3641,0.757143
rmse,last,9,0.001,70,500,1.0,0.0,3,2,5,1,10,551,135,15.306,45.2586,0.349235,2.72527,26.2041,0.742857
rmse,last,9,0.001,70,500,1.0,0.0,3,2,5,1,10,551,136,15.4019,45.2209,0.347654,2.69807,26.2466,0.771429
rmse,last,9,0.001,70,500,1.0,0.0,3,2,5,1,10,551,137,15.2616,45.3448,0.350713,3.55497,26.4722,0.757143
rmse,last,9,0.001,70,500,1.0,0.0,3,2,5,1,10,551,138,15.2808,45.2924,0.351595,3.42417,26.3837,0.757143
rmse,last,9,0.001,70,500,1.0,0.0,3,2,5,1,10,551,139,15.503,45.0779,0.350324,3.22102,26.1002,0.742857
rmse,last,9,0.001,70,500,1.0,0.0,3,2,5,1,10,551,140,15.7992,44.9754,0.350661,3.12534,26.5956,0.714286
rmse,last,9,0.001,70,500,1.0,0.0,3,2,5,1,10,551,141,15.8562,44.9198,0.350635,3.0867,26.154,0.728571
rmse,last,9,0.001,70,500,1.0,0.0,3,2,5,1,10,551,142,15.7311,45.0217,0.349261,2.6103,25.9865,0.771429
rmse,last,9,0.001,70,500,1.0,0.0,3,2,5,1,10,551,143,16.0251,45.2347,0.346876,2.76939,25.9527,0.757143
rmse,last,9,0.001,70,500,1.0,0.0,3,2,5,1,10,551,144,16.1215,45.3126,0.345917,3.04947,25.9328,0.728571
rmse,last,9,0.001,70,500,1.0,0.0,3,2,5,1,10,551,145,16.2234,45.4378,0.342935,3.27913,25.8897,0.728571
rmse,last,9,0.001,70,500,1.0,0.0,3,2,5,1,10,551,146,16.305,45.5186,0.341664,3.26783,25.7489,0.742857
rmse,last,9,0.001,70,500,1.0,0.0,3,2,5,1,10,551,147,16.3897,45.4635,0.343816,3.24683,25.6577,0.728571
rmse,last,9,0.001,70,500,1.0,0.0,3,2,5,1,10,551,148,16.492,45.4536,0.347498,3.24445,25.6176,0.728571
rmse,last,9,0.001,70,500,1.0,0.0,3,2,5,1,10,551,149,16.4437,45.4232,0.350583,3.21357,25.5662,0.728571
rmse,last,9,0.001,70,500,1.0,0.0,3,2,5,1,10,551,150,16.4241,45.4178,0.353254,3.06151,25.426,0.742857
rmse,last,9,0.001,70,500,1.0,0.0,3,2,5,1,10,551,-1,15.9359,45.3174,0.349624,18.2649,45.7833,0.342857
rmse,last,9,0.001,70,500,1.0,0.0,3,2,5,1,10,551,151,16.3473,45.3511,0.351024,3.57086,25.5736,0.728571
rmse,last,9,0.001,70,500,1.0,0.0,3,2,5,1,10,551,152,16.4553,45.4181,0.348276,3.86446,25.5159,0.728571
rmse,last,9,0.001,70,500,1.0,0.0,3,2,5,1,10,551,153,16.5133,45.4542,0.347031,3.87175,25.4945,0.728571
rmse,last,9,0.001,70,500,1.0,0.0,3,2,5,1,10,551,154,16.427,45.4338,0.348431,3.59423,25.3453,0.728571
rmse,last,9,0.001,70,500,1.0,0.0,3,2,5,1,10,551,155,16.3117,45.3434,0.351543,3.23789,25.301,0.757143
rmse,last,9,0.001,70,500,1.0,0.0,3,2,5,1,10,551,156,16.5611,45.611,0.349028,3.56987,25.4512,0.757143
rmse,last,9,0.001,70,500,1.0,0.0,3,2,5,1,10,551,157,16.7837,45.7353,0.34698,3.15321,25.2221,0.771429
rmse,last,9,0.001,70,500,1.0,0.0,3,2,5,1,10,551,158,16.8846,45.731,0.347368,3.23906,25.2287,0.771429
rmse,last,9,0.001,70,500,1.0,0.0,3,2,5,1,10,551,159,16.9863,45.6898,0.348535,3.17131,25.16,0.757143
rmse,last,9,0.001,70,500,1.0,0.0,3,2,5,1,10,551,160,16.9528,45.6026,0.35105,2.79985,24.75,0.785714
rmse,last,9,0.001,70,500,1.0,0.0,3,2,5,1,10,551,161,16.8705,45.5228,0.35385,2.58073,24.694,0.757143
rmse,last,9,0.001,70,500,1.0,0.0,3,2,5,1,10,551,162,17.0198,45.8546,0.349546,2.90211,25.0227,0.771429
rmse,last,9,0.001,70,500,1.0,0.0,3,2,5,1,10,551,163,17.125,45.888,0.350894,2.88628,24.9798,0.757143
rmse,last,9,0.001,70,500,1.0,0.0,3,2,5,1,10,551,164,17.2351,45.9534,0.35188,3.22869,25.1575,0.742857
rmse,last,9,0.001,70,500,1.0,0.0,3,2,5,1,10,551,165,17.3222,45.8783,0.351595,3.35801,24.9918,0.757143
rmse,last,9,0.001,70,500,1.0,0.0,3,2,5,1,10,551,166,17.264,45.6958,0.352113,3.15864,24.6659,0.757143
rmse,last,9,0.001,70,500,1.0,0.0,3,2,5,1,10,551,167,17.2122,45.516,0.352476,3.16735,24.6415,0.757143
rmse,last,9,0.001,70,500,1.0,0.0,3,2,5,1,10,551,168,17.1756,45.4088,0.356495,3.03124,24.6441,0.757143
rmse,last,9,0.001,70,500,1.0,0.0,3,2,5,1,10,551,169,17.3238,45.3812,0.358932,2.96586,24.53,0.742857
rmse,last,9,0.001,70,500,1.0,0.0,3,2,5,1,10,551,170,17.5298,45.4442,0.36098,2.91998,24.4687,0.757143
rmse,last,9,0.001,70,500,1.0,0.0,3,2,5,1,10,551,171,17.5821,45.427,0.361369,2.95597,24.5142,0.742857
rmse,last,9,0.001,70,500,1.0,0.0,3,2,5,1,10,551,172,17.727,45.4734,0.359969,2.92873,24.3233,0.771429
rmse,last,9,0.001,70,500,1.0,0.0,3,2,5,1,10,551,173,17.7917,45.5391,0.35875,2.8654,24.2622,0.771429
rmse,last,9,0.001,70,500,1.0,0.0,3,2,5,1,10,551,174,17.7517,45.585,0.359554,2.73716,24.1856,0.785714
rmse,last,9,0.001,70,500,1.0,0.0,3,2,5,1,10,551,175,17.7637,45.6382,0.358465,2.64268,24.1755,0.8
rmse,last,9,0.001,70,500,1.0,0.0,3,2,5,1,10,551,176,17.9158,45.6953,0.355639,2.57868,24.0684,0.828571
rmse,last,9,0.001,70,500,1.0,0.0,3,2,5,1,10,551,177,18.0889,45.7397,0.353176,2.52671,24.0832,0.814286
rmse,last,9,0.001,70,500,1.0,0.0,3,2,5,1,10,551,178,18.0536,45.7719,0.35302,2.54066,23.9546,0.828571
rmse,last,9,0.001,70,500,1.0,0.0,3,2,5,1,10,551,179,17.9393,45.8007,0.353176,2.51296,23.8904,0.828571
rmse,last,9,0.001,70,500,1.0,0.0,3,2,5,1,10,551,180,17.9405,45.8131,0.353461,2.50801,23.8247,0.828571
rmse,last,9,0.001,70,500,1.0,0.0,3,2,5,1,10,551,181,18.0481,45.7969,0.353513,2.45166,23.7754,0.842857
rmse,last,9,0.001,70,500,1.0,0.0,3,2,5,1,10,551,182,18.0836,45.8284,0.354161,2.5169,23.688,0.842857
rmse,last,9,0.001,70,500,1.0,0.0,3,2,5,1,10,551,183,18.1309,45.898,0.352009,2.53277,23.6269,0.828571
rmse,last,9,0.001,70,500,1.0,0.0,3,2,5,1,10,551,184,18.2172,45.9527,0.352346,2.5209,23.5728,0.828571
rmse,last,9,0.001,70,500,1.0,0.0,3,2,5,1,10,551,185,18.337,45.9679,0.352761,2.4452,23.4938,0.828571
rmse,last,9,0.001,70,500,1.0,0.0,3,2,5,1,10,551,186,18.4146,45.977,0.353332,2.43859,23.4809,0.828571
rmse,last,9,0.001,70,500,1.0,0.0,3,2,5,1,10,551,187,18.3077,45.9712,0.353202,2.79269,23.7611,0.785714
rmse,last,9,0.001,70,500,1.0,0.0,3,2,5,1,10,551,188,18.6349,46.4478,0.350998,2.54253,24.1149,0.785714
rmse,last,9,0.001,70,500,1.0,0.0,3,2,5,1,10,551,189,18.9153,46.7874,0.345113,2.99768,24.9428,0.785714
rmse,last,9,0.001,70,500,1.0,0.0,3,2,5,1,10,551,190,18.8483,46.5302,0.345139,2.78895,24.9013,0.785714
rmse,last,9,0.001,70,500,1.0,0.0,3,2,5,1,10,551,191,18.7297,46.0966,0.347991,3.16711,24.653,0.771429
rmse,last,9,0.001,70,500,1.0,0.0,3,2,5,1,10,551,192,18.8131,45.8902,0.35175,3.72917,24.8382,0.742857
rmse,last,9,0.001,70,500,1.0,0.0,3,2,5,1,10,551,193,18.8217,45.9507,0.355069,3.06297,24.1703,0.771429
rmse,last,9,0.001,70,500,1.0,0.0,3,2,5,1,10,551,194,18.6655,45.9363,0.355484,2.76634,23.9547,0.785714
rmse,last,9,0.001,70,500,1.0,0.0,3,2,5,1,10,551,195,18.5133,46.0547,0.357169,2.74101,23.9863,0.771429
rmse,last,9,0.001,70,500,1.0,0.0,3,2,5,1,10,551,196,18.4824,46.1736,0.35665,2.53948,23.9981,0.8
rmse,last,9,0.001,70,500,1.0,0.0,3,2,5,1,10,551,197,18.5636,46.2808,0.35525,2.18143,23.8163,0.828571
rmse,last,9,0.001,70,500,1.0,0.0,3,2,5,1,10,551,198,18.7932,46.2084,0.354628,2.97867,24.4379,0.785714
rmse,last,9,0.001,70,500,1.0,0.0,3,2,5,1,10,551,199,19.0164,46.4431,0.350713,2.95603,24.2982,0.8
rmse,last,9,0.001,70,500,1.0,0.0,3,2,5,1,10,551,200,18.9543,46.473,0.352865,2.70259,24.2872,0.828571
rmse,last,9,0.001,70,500,1.0,0.0,3,2,5,1,10,551,-1,19.1324,46.3961,0.349624,22.6576,46.7197,0.328571
rmse,last,9,0.001,70,500,1.0,0.0,3,2,5,1,10,551,201,19.5067,46.5374,0.346513,2.69208,24.1192,0.771429
rmse,last,9,0.001,70,500,1.0,0.0,3,2,5,1,10,551,202,19.6549,46.2139,0.349857,2.93242,24.5337,0.771429
rmse,last,9,0.001,70,500,1.0,0.0,3,2,5,1,10,551,203,19.7226,46.054,0.35118,2.83379,24.7675,0.785714
rmse,last,9,0.001,70,500,1.0,0.0,3,2,5,1,10,551,204,19.6078,45.9397,0.357195,3.70785,26.0203,0.785714
rmse,last,9,0.001,70,500,1.0,0.0,3,2,5,1,10,551,205,19.6019,46.017,0.355276,3.88238,25.7321,0.785714
rmse,last,9,0.001,70,500,1.0,0.0,3,2,5,1,10,551,206,19.5018,46.247,0.344283,3.17858,24.191,0.771429
rmse,last,9,0.001,70,500,1.0,0.0,3,2,5,1,10,551,207,19.4863,46.4726,0.338475,3.38689,24.7517,0.742857
rmse,last,9,0.001,70,500,1.0,0.0,3,2,5,1,10,551,208,19.6761,46.9237,0.331812,4.23966,24.8238,0.742857
rmse,last,9,0.001,70,500,1.0,0.0,3,2,5,1,10,551,209,19.6849,47.2029,0.326938,4.82678,25.7419,0.714286
rmse,last,9,0.001,70,500,1.0,0.0,3,2,5,1,10,551,210,20.1803,47.8428,0.318045,4.50103,26.4314,0.714286
rmse,last,9,0.001,70,500,1.0,0.0,3,2,5,1,10,551,211,20.3949,48.2061,0.313508,4.55684,27.3377,0.714286
rmse,last,9,0.001,70,500,1.0,0.0,3,2,5,1,10,551,212,20.4592,48.3812,0.311045,4.20036,26.7105,0.714286
rmse,last,9,0.001,70,500,1.0,0.0,3,2,5,1,10,551,213,20.4602,48.3806,0.311019,3.86852,26.3741,0.757143
rmse,last,9,0.001,70,500,1.0,0.0,3,2,5,1,10,551,214,20.283,48.3227,0.316801,3.95306,26.3457,0.742857
rmse,last,9,0.001,70,500,1.0,0.0,3,2,5,1,10,551,215,20.2238,48.2276,0.320249,4.07871,26.365,0.714286
rmse,last,9,0.001,70,500,1.0,0.0,3,2,5,1,10,551,216,20.1606,48.0713,0.322893,4.29154,25.9464,0.714286
rmse,last,9,0.001,70,500,1.0,0.0,3,2,5,1,10,551,217,20.1831,47.9871,0.32279,4.24766,25.7106,0.714286
rmse,last,9,0.001,70,500,1.0,0.0,3,2,5,1,10,551,218,20.1591,47.8829,0.325123,4.14812,25.5261,0.685714
rmse,last,9,0.001,70,500,1.0,0.0,3,2,5,1,10,551,219,20.2079,48.0263,0.326471,4.33408,25.3995,0.742857
rmse,last,9,0.001,70,500,1.0,0.0,3,2,5,1,10,551,220,20.1873,48.059,0.329453,3.66058,24.8749,0.742857
rmse,last,9,0.001,70,500,1.0,0.0,3,2,5,1,10,551,221,20.2225,48.146,0.326368,3.37698,24.6823,0.742857
rmse,last,9,0.001,70,500,1.0,0.0,3,2,5,1,10,551,222,20.6212,47.9269,0.32699,3.83034,25.0406,0.728571
rmse,last,9,0.001,70,500,1.0,0.0,3,2,5,1,10,551,223,20.7904,47.8618,0.324682,4.08012,25.6245,0.714286
rmse,last,9,0.001,70,500,1.0,0.0,3,2,5,1,10,551,224,20.9525,47.7667,0.322219,4.59419,25.9415,0.714286
rmse,last,9,0.001,70,500,1.0,0.0,3,2,5,1,10,551,225,21.0522,47.7482,0.322323,4.73124,25.9549,0.714286
rmse,last,9,0.001,70,500,1.0,0.0,3,2,5,1,10,551,226,21.0714,47.7866,0.319445,4.64005,25.6882,0.7
rmse,last,9,0.001,70,500,1.0,0.0,3,2,5,1,10,551,227,21.0227,47.8192,0.317993,4.31555,25.2629,0.7
rmse,last,9,0.001,70,500,1.0,0.0,3,2,5,1,10,551,228,20.8415,47.8474,0.319134,4.79848,25.0853,0.714286
rmse,last,9,0.001,70,500,1.0,0.0,3,2,5,1,10,551,229,20.7619,48.0084,0.320923,4.85047,25.3273,0.728571
rmse,last,9,0.001,70,500,1.0,0.0,3,2,5,1,10,551,230,20.796,48.2273,0.318901,4.62254,25.8405,0.742857
rmse,last,9,0.001,70,500,1.0,0.0,3,2,5,1,10,551,231,20.882,48.3663,0.314986,4.63655,26.0817,0.742857
rmse,last,9,0.001,70,500,1.0,0.0,3,2,5,1,10,551,232,20.7926,48.3125,0.317527,4.46993,25.8702,0.757143
rmse,last,9,0.001,70,500,1.0,0.0,3,2,5,1,10,551,233,20.701,48.1391,0.320327,4.44383,25.7379,0.757143
rmse,last,9,0.001,70,500,1.0,0.0,3,2,5,1,10,551,234,20.6381,48.0995,0.319912,3.99823,24.9949,0.771429
rmse,last,9,0.001,70,500,1.0,0.0,3,2,5,1,10,551,235,20.7395,48.0687,0.321079,4.01244,24.7148,0.742857
rmse,last,9,0.001,70,500,1.0,0.0,3,2,5,1,10,551,236,20.7627,47.9732,0.322012,4.09438,24.8202,0.742857
rmse,last,9,0.001,70,500,1.0,0.0,3,2,5,1,10,551,237,20.8245,47.8892,0.324605,3.68438,24.3159,0.742857
rmse,last,9,0.001,70,500,1.0,0.0,3,2,5,1,10,551,238,20.8324,47.8141,0.326731,3.6709,24.2134,0.742857
rmse,last,9,0.001,70,500,1.0,0.0,3,2,5,1,10,551,239,20.8786,47.8,0.327534,3.57219,24.0821,0.742857
rmse,last,9,0.001,70,500,1.0,0.0,3,2,5,1,10,551,240,20.8869,47.76,0.328364,3.45362,23.9731,0.742857
rmse,last,9,0.001,70,500,1.0,0.0,3,2,5,1,10,551,241,20.9232,47.7496,0.329686,3.24851,23.8198,0.742857
rmse,last,9,0.001,70,500,1.0,0.0,3,2,5,1,10,551,242,20.8296,47.7303,0.33176,3.09789,23.6982,0.742857
rmse,last,9,0.001,70,500,1.0,0.0,3,2,5,1,10,551,243,20.8371,47.824,0.329816,3.99439,24.5751,0.728571
rmse,last,9,0.001,70,500,1.0,0.0,3,2,5,1,10,551,244,20.8266,47.7379,0.331735,3.53579,24.3535,0.728571
rmse,last,9,0.001,70,500,1.0,0.0,3,2,5,1,10,551,245,21.0389,47.1609,0.336012,4.57689,25.0676,0.671429
rmse,last,9,0.001,70,500,1.0,0.0,3,2,5,1,10,551,246,21.3547,46.9165,0.342442,5.14763,25.5896,0.685714
rmse,last,9,0.001,70,500,1.0,0.0,3,2,5,1,10,551,247,21.6092,46.7063,0.347291,5.59752,26.5741,0.657143
rmse,last,9,0.001,70,500,1.0,0.0,3,2,5,1,10,551,248,21.2946,46.8083,0.347654,4.36721,24.9085,0.685714
rmse,last,9,0.001,70,500,1.0,0.0,3,2,5,1,10,551,249,21.0129,46.7408,0.346772,3.89795,24.5931,0.685714
rmse,last,9,0.001,70,500,1.0,0.0,3,2,5,1,10,551,250,20.7997,46.6899,0.347913,3.64313,24.14,0.7
rmse,last,9,0.001,70,500,1.0,0.0,3,2,5,1,10,551,-1,19.9418,46.4008,0.34462,22.4361,47.6988,0.328571
rmse,last,9,0.001,70,500,1.0,0.0,3,2,5,1,10,551,251,20.573,46.6876,0.345917,3.6245,24.0034,0.714286
rmse,last,9,0.001,70,500,1.0,0.0,3,2,5,1,10,551,252,20.2629,46.6513,0.348639,3.17699,23.6393,0.714286
rmse,last,9,0.001,70,500,1.0,0.0,3,2,5,1,10,551,253,19.9326,46.6763,0.348665,2.87127,23.6261,0.771429
rmse,last,9,0.001,70,500,1.0,0.0,3,2,5,1,10,551,254,19.8418,46.8272,0.348509,3.45077,23.7578,0.757143
rmse,last,9,0.001,70,500,1.0,0.0,3,2,5,1,10,551,255,19.8518,46.9041,0.343246,3.26838,24.3396,0.771429
rmse,last,9,0.001,70,500,1.0,0.0,3,2,5,1,10,551,256,19.9451,46.9967,0.342002,3.02978,24.4892,0.785714
rmse,last,9,0.001,70,500,1.0,0.0,3,2,5,1,10,551,257,20.0991,47.0436,0.344724,3.1732,24.4663,0.771429
rmse,last,9,0.001,70,500,1.0,0.0,3,2,5,1,10,551,258,20.2568,47.0594,0.346902,2.90832,23.9795,0.771429
rmse,last,9,0.001,70,500,1.0,0.0,3,2,5,1,10,551,259,20.5308,47.1856,0.344594,3.0686,23.7612,0.785714
rmse,last,9,0.001,70,500,1.0,0.0,3,2,5,1,10,551,260,20.6723,47.2206,0.344387,3.61803,24.0502,0.742857
rmse,last,9,0.001,70,500,1.0,0.0,3,2,5,1,10,551,261,20.8344,47.2578,0.344879,3.70165,24.0335,0.742857
rmse,last,9,0.001,70,500,1.0,0.0,3,2,5,1,10,551,262,20.9194,47.2508,0.345657,3.34006,24.0615,0.771429
rmse,last,9,0.001,70,500,1.0,0.0,3,2,5,1,10,551,263,21.0803,47.3025,0.344646,3.24778,24.1465,0.757143
rmse,last,9,0.001,70,500,1.0,0.0,3,2,5,1,10,551,264,21.0998,47.2678,0.344905,3.07066,24.0316,0.728571
rmse,last,9,0.001,70,500,1.0,0.0,3,2,5,1,10,551,265,21.1062,47.2806,0.344724,2.91099,23.9255,0.742857
rmse,last,9,0.001,70,500,1.0,0.0,3,2,5,1,10,551,266,21.0269,47.3013,0.345476,2.85545,23.7532,0.757143
rmse,last,9,0.001,70,500,1.0,0.0,3,2,5,1,10,551,267,20.8733,47.2932,0.345631,2.95496,23.5468,0.757143
rmse,last,9,0.001,70,500,1.0,0.0,3,2,5,1,10,551,268,20.6337,47.3178,0.346565,3.4511,23.9762,0.742857
rmse,last,9,0.001,70,500,1.0,0.0,3,2,5,1,10,551,269,20.416,47.2877,0.345113,2.78713,23.4953,0.742857
rmse,last,9,0.001,70,500,1.0,0.0,3,2,5,1,10,551,270,20.2521,47.0983,0.348665,2.79424,23.2958,0.742857
rmse,last,9,0.001,70,500,1.0,0.0,3,2,5,1,10,551,271,20.2311,46.9699,0.349935,2.62485,23.2597,0.771429
rmse,last,9,0.001,70,500,1.0,0.0,3,2,5,1,10,551,272,20.9133,46.4524,0.347654,5.50508,26.0878,0.642857
rmse,last,9,0.001,70,500,1.0,0.0,3,2,5,1,10,551,273,21.4154,45.9712,0.345813,10.0547,32.4553,0.514286
rmse,last,9,0.001,70,500,1.0,0.0,3,2,5,1,10,551,274,21.8724,45.8474,0.340861,13.0535,35.3311,0.5
rmse,last,9,0.001,70,500,1.0,0.0,3,2,5,1,10,551,275,21.8461,45.7289,0.341198,13.2126,35.4828,0.485714
rmse,last,9,0.001,70,500,1.0,0.0,3,2,5,1,10,551,276,21.563,45.6115,0.343687,14.6623,36.561,0.485714
rmse,last,9,0.001,70,500,1.0,0.0,3,2,5,1,10,551,277,21.3465,45.5671,0.344905,14.316,36.4961,0.471429
rmse,last,9,0.001,70,500,1.0,0.0,3,2,5,1,10,551,278,21.0771,45.5384,0.345891,13.1986,36.2631,0.485714
rmse,last,9,0.001,70,500,1.0,0.0,3,2,5,1,10,551,279,20.7327,45.4775,0.345839,12.7789,36.63,0.471429
rmse,last,9,0.001,70,500,1.0,0.0,3,2,5,1,10,551,280,20.4746,45.4678,0.344802,12.3264,36.4003,0.5
rmse,last,9,0.001,70,500,1.0,0.0,3,2,5,1,10,551,281,20.2721,45.4698,0.344283,12.3186,36.2751,0.514286
rmse,last,9,0.001,70,500,1.0,0.0,3,2,5,1,10,551,282,20.122,45.4723,0.343583,12.1905,36.105,0.485714
rmse,last,9,0.001,70,500,1.0,0.0,3,2,5,1,10,551,283,20.0241,45.4719,0.342987,11.7404,35.402,0.485714
rmse,last,9,0.001,70,500,1.0,0.0,3,2,5,1,10,551,284,19.9246,45.4598,0.341664,11.2253,34.9762,0.471429
rmse,last,9,0.001,70,500,1.0,0.0,3,2,5,1,10,551,285,19.8685,45.4926,0.341353,11.1085,34.7134,0.471429
rmse,last,9,0.001,70,500,1.0,0.0,3,2,5,1,10,551,286,19.8478,45.5316,0.341198,10.5977,34.0747,0.528571
rmse,last,9,0.001,70,500,1.0,0.0,3,2,5,1,10,551,287,19.818,45.528,0.338035,11.0064,34.3701,0.5
rmse,last,9,0.001,70,500,1.0,0.0,3,2,5,1,10,551,288,19.7458,45.504,0.337853,10.6536,34.2487,0.514286
rmse,last,9,0.001,70,500,1.0,0.0,3,2,5,1,10,551,289,19.7055,45.5218,0.336375,10.4062,34.1666,0.5
rmse,last,9,0.001,70,500,1.0,0.0,3,2,5,1,10,551,290,19.6953,45.7201,0.33482,9.66768,33.6547,0.514286
rmse,last,9,0.001,70,500,1.0,0.0,3,2,5,1,10,551,291,19.6638,45.8891,0.334975,9.48833,33.4399,0.514286
rmse,last,9,0.001,70,500,1.0,0.0,3,2,5,1,10,551,292,19.6041,45.9882,0.334638,9.28988,33.4074,0.557143
rmse,last,9,0.001,70,500,1.0,0.0,3,2,5,1,10,551,293,19.5395,46.0788,0.332383,8.78574,33.025,0.557143
rmse,last,9,0.001,70,500,1.0,0.0,3,2,5,1,10,551,294,19.4851,46.1628,0.330723,8.7943,32.873,0.542857
rmse,last,9,0.001,70,500,1.0,0.0,3,2,5,1,10,551,295,19.4414,46.2169,0.331294,8.65013,32.6147,0.571429
rmse,last,9,0.001,70,500,1.0,0.0,3,2,5,1,10,551,296,19.3794,46.262,0.330023,8.26005,32.5079,0.571429
rmse,last,9,0.001,70,500,1.0,0.0,3,2,5,1,10,551,297,19.3949,46.3034,0.327794,8.12747,32.3103,0.585714
rmse,last,9,0.001,70,500,1.0,0.0,3,2,5,1,10,551,298,19.4643,46.3707,0.324942,8.33344,32.2918,0.6
rmse,last,9,0.001,70,500,1.0,0.0,3,2,5,1,10,551,299,19.3555,46.3671,0.328312,7.80543,31.94,0.628571
rmse,last,9,0.001,70,500,1.0,0.0,3,2,5,1,10,551,300,19.3219,46.3846,0.327405,7.79608,31.9496,0.614286
rmse,last,9,0.001,70,500,1.0,0.0,3,2,5,1,10,551,-1,18.5005,46.1238,0.329427,22.3901,46.2765,0.257143
rmse,last,9,0.001,70,500,1.0,0.0,3,2,5,1,10,551,301,19.2947,46.3841,0.326368,7.76163,31.8754,0.614286
rmse,last,9,0.001,70,500,1.0,0.0,3,2,5,1,10,551,302,19.2702,46.3611,0.326549,7.63172,31.6765,0.571429
rmse,last,9,0.001,70,500,1.0,0.0,3,2,5,1,10,551,303,19.2505,46.3361,0.327249,7.59571,31.447,0.6
rmse,last,9,0.001,70,500,1.0,0.0,3,2,5,1,10,551,304,19.223,46.3027,0.326705,7.56863,31.1268,0.6
rmse,last,9,0.001,70,500,1.0,0.0,3,2,5,1,10,551,305,19.103,46.2391,0.329064,7.56276,31.099,0.614286
rmse,last,9,0.001,70,500,1.0,0.0,3,2,5,1,10,551,306,19.0274,46.2177,0.331009,7.37514,31.0938,0.6
rmse,last,9,0.001,70,500,1.0,0.0,3,2,5,1,10,551,307,18.9744,46.2284,0.331709,7.23163,30.9524,0.628571
rmse,last,9,0.001,70,500,1.0,0.0,3,2,5,1,10,551,308,18.9212,46.2337,0.332668,7.13714,30.8796,0.628571
rmse,last,9,0.001,70,500,1.0,0.0,3,2,5,1,10,551,309,18.9406,46.2256,0.332331,7.11652,30.6677,0.642857
rmse,last,9,0.001,70,500,1.0,0.0,3,2,5,1,10,551,310,19.0421,46.237,0.330542,7.13765,30.5078,0.628571
rmse,last,9,0.001,70,500,1.0,0.0,3,2,5,1,10,551,311,19.1185,46.2419,0.329323,7.17102,30.3127,0.614286
rmse,last,9,0.001,70,500,1.0,0.0,3,2,5,1,10,551,312,19.1614,46.2256,0.32966,7.21884,30.1836,0.6
rmse,last,9,0.001,70,500,1.0,0.0,3,2,5,1,10,551,313,19.2194,46.215,0.330231,7.38398,30.1436,0.6
rmse,last,9,0.001,70,500,1.0,0.0,3,2,5,1,10,551,314,19.3036,46.1969,0.329349,7.41043,30.0927,0.6
rmse,last,9,0.001,70,500,1.0,0.0,3,2,5,1,10,551,315,19.3331,46.1748,0.329168,7.33343,29.973,0.6
rmse,last,9,0.001,70,500,1.0,0.0,3,2,5,1,10,551,316,19.3494,46.1386,0.329323,7.24215,29.847,0.614286
rmse,last,9,0.001,70,500,1.0,0.0,3,2,5,1,10,551,317,19.3076,46.0948,0.32896,7.23844,29.7693,0.614286
rmse,last,9,0.001,70,500,1.0,0.0,3,2,5,1,10,551,318,19.2887,46.0637,0.330023,7.12058,29.5994,0.614286
rmse,last,9,0.001,70,500,1.0,0.0,3,2,5,1,10,551,319,19.224,46.016,0.33132,6.86517,29.3867,0.614286
rmse,last,9,0.001,70,500,1.0,0.0,3,2,5,1,10,551,320,19.2129,46.0227,0.33202,6.43283,29.1319,0.614286
rmse,last,9,0.001,70,500,1.0,0.0,3,2,5,1,10,551,321,19.2354,46.0616,0.331009,6.48603,29.0173,0.628571
rmse,last,9,0.001,70,500,1.0,0.0,3,2,5,1,10,551,322,19.2341,46.0669,0.329894,6.16822,28.5928,0.628571
rmse,last,9,0.001,70,500,1.0,0.0,3,2,5,1,10,551,323,19.2419,46.0801,0.329453,6.04916,28.9137,0.657143
rmse,last,9,0.001,70,500,1.0,0.0,3,2,5,1,10,551,324,19.1012,45.9493,0.329479,5.9943,28.8358,0.685714
rmse,last,9,0.001,70,500,1.0,0.0,3,2,5,1,10,551,325,19.0848,45.9476,0.32909,6.68462,29.5539,0.657143
rmse,last,9,0.001,70,500,1.0,0.0,3,2,5,1,10,551,326,18.9061,46.0195,0.330879,6.87783,30.2795,0.657143
rmse,last,9,0.001,70,500,1.0,0.0,3,2,5,1,10,551,327,18.8134,46.0512,0.331709,7.87786,31.3264,0.657143
rmse,last,9,0.001,70,500,1.0,0.0,3,2,5,1,10,551,328,18.9342,45.9233,0.331864,7.97021,30.9796,0.642857
rmse,last,9,0.001,70,500,1.0,0.0,3,2,5,1,10,551,329,19.0384,45.8551,0.330516,8.14939,30.7885,0.642857
rmse,last,9,0.001,70,500,1.0,0.0,3,2,5,1,10,551,330,18.9899,45.7241,0.332823,8.34998,31.1589,0.642857
rmse,last,9,0.001,70,500,1.0,0.0,3,2,5,1,10,551,331,18.968,45.757,0.332149,7.18507,30.274,0.642857
rmse,last,9,0.001,70,500,1.0,0.0,3,2,5,1,10,551,332,18.8917,45.8354,0.331346,6.10352,29.4104,0.671429
rmse,last,9,0.001,70,500,1.0,0.0,3,2,5,1,10,551,333,18.8237,45.9769,0.328753,5.67965,28.8822,0.671429
rmse,last,9,0.001,70,500,1.0,0.0,3,2,5,1,10,551,334,18.7677,46.1184,0.324812,5.49887,28.5734,0.685714
rmse,last,9,0.001,70,500,1.0,0.0,3,2,5,1,10,551,335,18.7052,46.2863,0.323775,5.23876,28.3655,0.642857
rmse,last,9,0.001,70,500,1.0,0.0,3,2,5,1,10,551,336,18.6732,46.432,0.322868,5.13551,28.844,0.614286
rmse,last,9,0.001,70,500,1.0,0.0,3,2,5,1,10,551,337,18.7162,46.4818,0.324319,5.45825,28.6822,0.614286
rmse,last,9,0.001,70,500,1.0,0.0,3,2,5,1,10,551,338,18.7793,46.5327,0.323049,5.62386,28.9341,0.6
rmse,last,9,0.001,70,500,1.0,0.0,3,2,5,1,10,551,339,18.7988,46.5255,0.324579,5.37941,28.7601,0.628571
rmse,last,9,0.001,70,500,1.0,0.0,3,2,5,1,10,551,340,18.8058,46.5425,0.32476,5.8544,28.9297,0.642857
rmse,last,9,0.001,70,500,1.0,0.0,3,2,5,1,10,551,341,18.8032,46.5528,0.324968,5.32184,28.5384,0.642857
rmse,last,9,0.001,70,500,1.0,0.0,3,2,5,1,10,551,342,18.7771,46.5363,0.324527,4.91263,28.0432,0.628571
rmse,last,9,0.001,70,500,1.0,0.0,3,2,5,1,10,551,343,18.7508,46.5234,0.325642,4.43024,27.4753,0.657143
rmse,last,9,0.001,70,500,1.0,0.0,3,2,5,1,10,551,344,18.7508,46.5398,0.324786,4.25898,27.4721,0.7
rmse,last,9,0.001,70,500,1.0,0.0,3,2,5,1,10,551,345,18.7042,46.504,0.322919,4.13409,27.4465,0.7
rmse,last,9,0.001,70,500,1.0,0.0,3,2,5,1,10,551,346,18.7142,46.4837,0.32349,4.04387,27.3765,0.7
rmse,last,9,0.001,70,500,1.0,0.0,3,2,5,1,10,551,347,18.712,46.4465,0.323723,4.00693,27.329,0.7
rmse,last,9,0.001,70,500,1.0,0.0,3,2,5,1,10,551,348,18.639,46.4121,0.324708,3.7134,27.2655,0.714286
rmse,last,9,0.001,70,500,1.0,0.0,3,2,5,1,10,551,349,18.5681,46.3682,0.325175,3.54823,27.1098,0.7
rmse,last,9,0.001,70,500,1.0,0.0,3,2,5,1,10,551,350,18.5496,46.373,0.325797,3.33261,26.9453,0.728571
rmse,last,9,0.001,70,500,1.0,0.0,3,2,5,1,10,551,-1,18.0107,46.4254,0.329323,22.3403,47.076,0.257143
rmse,last,9,0.001,70,500,1.0,0.0,3,2,5,1,10,551,351,18.4867,46.3916,0.326964,2.90674,26.822,0.742857
rmse,last,9,0.001,70,500,1.0,0.0,3,2,5,1,10,551,352,18.4871,46.3849,0.327794,2.85213,26.7217,0.757143
rmse,last,9,0.001,70,500,1.0,0.0,3,2,5,1,10,551,353,18.5102,46.3696,0.328468,2.99573,26.6515,0.742857
rmse,last,9,0.001,70,500,1.0,0.0,3,2,5,1,10,551,354,18.5833,46.3662,0.328183,2.92312,26.4973,0.742857
rmse,last,9,0.001,70,500,1.0,0.0,3,2,5,1,10,551,355,18.6471,46.3618,0.327949,2.87228,26.3432,0.785714
rmse,last,9,0.001,70,500,1.0,0.0,3,2,5,1,10,551,356,18.7587,46.4034,0.327482,3.01573,26.287,0.771429
rmse,last,9,0.001,70,500,1.0,0.0,3,2,5,1,10,551,357,18.8036,46.408,0.328131,3.26015,26.2337,0.771429
rmse,last,9,0.001,70,500,1.0,0.0,3,2,5,1,10,551,358,18.7404,46.4494,0.328442,2.74962,26.3125,0.785714
rmse,last,9,0.001,70,500,1.0,0.0,3,2,5,1,10,551,359,18.6168,46.5597,0.327379,2.51561,26.3581,0.8
rmse,last,9,0.001,70,500,1.0,0.0,3,2,5,1,10,551,360,18.6363,46.5744,0.328286,2.51381,26.2543,0.8
rmse,last,9,0.001,70,500,1.0,0.0,3,2,5,1,10,551,361,18.6835,46.5732,0.328131,2.53021,26.1024,0.785714
rmse,last,9,0.001,70,500,1.0,0.0,3,2,5,1,10,551,362,18.8061,46.5838,0.326964,2.71956,26.0202,0.757143
rmse,last,9,0.001,70,500,1.0,0.0,3,2,5,1,10,551,363,18.8824,46.5766,0.326964,2.84253,25.9556,0.757143
rmse,last,9,0.001,70,500,1.0,0.0,3,2,5,1,10,551,364,18.8762,46.5283,0.327042,2.91918,25.9411,0.757143
rmse,last,9,0.001,70,500,1.0,0.0,3,2,5,1,10,551,365,18.8765,46.5087,0.326834,2.88974,25.8781,0.785714
rmse,last,9,0.001,70,500,1.0,0.0,3,2,5,1,10,551,366,18.8858,46.4808,0.326549,2.89252,25.8139,0.771429
rmse,last,9,0.001,70,500,1.0,0.0,3,2,5,1,10,551,367,18.8767,46.4911,0.326082,2.86246,25.7232,0.771429
rmse,last,9,0.001,70,500,1.0,0.0,3,2,5,1,10,551,368,18.8776,46.5086,0.325538,2.81992,25.6399,0.771429
rmse,last,9,0.001,70,500,1.0,0.0,3,2,5,1,10,551,369,18.885,46.4963,0.327197,2.78715,25.5548,0.771429
rmse,last,9,0.001,70,500,1.0,0.0,3,2,5,1,10,551,370,18.8689,46.5044,0.327768,2.7411,25.4898,0.785714
rmse,last,9,0.001,70,500,1.0,0.0,3,2,5,1,10,551,371,18.8446,46.5186,0.328105,2.68358,25.4531,0.785714
rmse,last,9,0.001,70,500,1.0,0.0,3,2,5,1,10,551,372,18.8358,46.5324,0.327768,2.63397,25.4235,0.771429
rmse,last,9,0.001,70,500,1.0,0.0,3,2,5,1,10,551,373,18.8197,46.576,0.328546,2.33117,25.433,0.814286
rmse,last,9,0.001,70,500,1.0,0.0,3,2,5,1,10,551,374,18.8014,46.6351,0.328779,2.25515,25.3996,0.814286
rmse,last,9,0.001,70,500,1.0,0.0,3,2,5,1,10,551,375,18.8184,46.6301,0.329531,2.2724,25.3543,0.785714
rmse,last,9,0.001,70,500,1.0,0.0,3,2,5,1,10,551,376,18.8214,46.6133,0.329894,2.32131,25.297,0.757143
rmse,last,9,0.001,70,500,1.0,0.0,3,2,5,1,10,551,377,18.8004,46.6278,0.32966,2.33393,25.161,0.742857
rmse,last,9,0.001,70,500,1.0,0.0,3,2,5,1,10,551,378,18.7632,46.663,0.329323,2.32432,25.183,0.771429
rmse,last,9,0.001,70,500,1.0,0.0,3,2,5,1,10,551,379,18.7286,46.7132,0.32979,2.04658,25.1766,0.785714
rmse,last,9,0.001,70,500,1.0,0.0,3,2,5,1,10,551,380,18.7801,46.6804,0.329427,2.21108,25.0042,0.757143
rmse,last,9,0.001,70,500,1.0,0.0,3,2,5,1,10,551,381,18.7966,46.6851,0.33062,2.18294,24.9248,0.757143
rmse,last,9,0.001,70,500,1.0,0.0,3,2,5,1,10,551,382,18.8293,46.7164,0.330749,2.061,24.9339,0.785714
rmse,last,9,0.001,70,500,1.0,0.0,3,2,5,1,10,551,383,18.863,46.7263,0.331086,2.00977,24.8767,0.785714
rmse,last,9,0.001,70,500,1.0,0.0,3,2,5,1,10,551,384,18.9064,46.7414,0.331916,1.96432,24.798,0.785714
rmse,last,9,0.001,70,500,1.0,0.0,3,2,5,1,10,551,385,18.9465,46.7473,0.331864,1.90689,24.7249,0.8
rmse,last,9,0.001,70,500,1.0,0.0,3,2,5,1,10,551,386,18.9785,46.7566,0.332694,1.84399,24.6717,0.8
rmse,last,9,0.001,70,500,1.0,0.0,3,2,5,1,10,551,387,19.0025,46.7703,0.333212,1.79822,24.5753,0.814286
rmse,last,9,0.001,70,500,1.0,0.0,3,2,5,1,10,551,388,19.0176,46.8313,0.333109,1.80349,24.5349,0.785714
rmse,last,9,0.001,70,500,1.0,0.0,3,2,5,1,10,551,389,19.0267,46.8513,0.333912,1.76923,24.4922,0.8
rmse,last,9,0.001,70,500,1.0,0.0,3,2,5,1,10,551,390,19.0182,46.8395,0.335157,1.71063,24.4245,0.785714
rmse,last,9,0.001,70,500,1.0,0.0,3,2,5,1,10,551,391,19.032,46.8148,0.335649,1.69872,24.3668,0.828571
rmse,last,9,0.001,70,500,1.0,0.0,3,2,5,1,10,551,392,19.0773,46.7986,0.335312,1.68656,24.2992,0.814286
rmse,last,9,0.001,70,500,1.0,0.0,3,2,5,1,10,551,393,19.1246,46.7917,0.335935,1.67438,24.2388,0.828571
rmse,last,9,0.001,70,500,1.0,0.0,3,2,5,1,10,551,394,19.1621,46.7947,0.335701,1.65617,24.1866,0.842857
rmse,last,9,0.001,70,500,1.0,0.0,3,2,5,1,10,551,395,19.1887,46.7971,0.335442,1.64069,24.1251,0.842857
rmse,last,9,0.001,70,500,1.0,0.0,3,2,5,1,10,551,396,19.2371,46.8291,0.334794,1.62126,24.0521,0.857143
rmse,last,9,0.001,70,500,1.0,0.0,3,2,5,1,10,551,397,19.2634,46.8743,0.334223,1.64819,23.9785,0.828571
rmse,last,9,0.001,70,500,1.0,0.0,3,2,5,1,10,551,398,19.2433,46.8952,0.335675,1.59044,23.9118,0.814286
rmse,last,9,0.001,70,500,1.0,0.0,3,2,5,1,10,551,399,19.2376,46.9128,0.334742,1.54709,23.8546,0.828571
rmse,last,9,0.001,70,500,1.0,0.0,3,2,5,1,10,551,400,19.2665,46.9292,0.334535,1.56941,23.7893,0.814286
rmse,last,9,0.001,70,500,1.0,0.0,3,2,5,1,10,551,-1,18.7073,46.7822,0.333523,21.5751,46.5692,0.3
rmse,last,9,0.001,70,500,1.0,0.0,3,2,5,1,10,551,401,19.2861,46.9289,0.334742,1.54967,23.7223,0.828571
rmse,last,9,0.001,70,500,1.0,0.0,3,2,5,1,10,551,402,19.3006,46.9223,0.33469,1.4967,23.6635,0.842857
rmse,last,9,0.001,70,500,1.0,0.0,3,2,5,1,10,551,403,19.331,46.9176,0.335286,1.54719,23.6178,0.828571
rmse,last,9,0.001,70,500,1.0,0.0,3,2,5,1,10,551,404,19.3354,46.9197,0.335183,1.47372,23.5654,0.842857
rmse,last,9,0.001,70,500,1.0,0.0,3,2,5,1,10,551,405,19.3083,47.0107,0.335675,1.3445,23.6475,0.857143
rmse,last,9,0.001,70,500,1.0,0.0,3,2,5,1,10,551,406,19.3211,47.0818,0.333912,1.28845,23.7508,0.857143
rmse,last,9,0.001,70,500,1.0,0.0,3,2,5,1,10,551,407,19.3354,47.1247,0.334535,1.29679,23.7882,0.857143
rmse,last,9,0.001,70,500,1.0,0.0,3,2,5,1,10,551,408,19.382,47.1382,0.335286,1.37035,23.7166,0.857143
rmse,last,9,0.001,70,500,1.0,0.0,3,2,5,1,10,551,409,19.4119,47.0781,0.336687,1.46679,23.5987,0.857143
rmse,last,9,0.001,70,500,1.0,0.0,3,2,5,1,10,551,410,19.476,47.0695,0.337283,1.86635,23.6983,0.842857
rmse,last,9,0.001,70,500,1.0,0.0,3,2,5,1,10,551,411,19.3877,47.0285,0.338709,1.53477,23.4973,0.828571
rmse,last,9,0.001,70,500,1.0,0.0,3,2,5,1,10,551,412,19.436,46.9943,0.33902,1.62204,23.5075,0.814286
rmse,last,9,0.001,70,500,1.0,0.0,3,2,5,1,10,551,413,19.5304,46.9572,0.340057,1.7173,23.41,0.814286
rmse,last,9,0.001,70,500,1.0,0.0,3,2,5,1,10,551,414,19.6114,46.9047,0.339901,2.19387,23.6279,0.814286
rmse,last,9,0.001,70,500,1.0,0.0,3,2,5,1,10,551,415,19.5887,46.8761,0.339798,1.90419,23.5011,0.828571
rmse,last,9,0.001,70,500,1.0,0.0,3,2,5,1,10,551,416,19.5931,46.8819,0.339798,1.88931,23.5077,0.814286
rmse,last,9,0.001,70,500,1.0,0.0,3,2,5,1,10,551,417,19.6177,46.92,0.337127,1.81003,23.4688,0.814286
rmse,last,9,0.001,70,500,1.0,0.0,3,2,5,1,10,551,418,19.6442,46.983,0.336401,1.69779,23.4026,0.814286
rmse,last,9,0.001,70,500,1.0,0.0,3,2,5,1,10,551,419,19.6793,46.9984,0.336453,1.62022,23.335,0.814286
rmse,last,9,0.001,70,500,1.0,0.0,3,2,5,1,10,551,420,19.7101,47.0204,0.335857,1.53445,23.2685,0.828571
rmse,last,9,0.001,70,500,1.0,0.0,3,2,5,1,10,551,421,19.7363,47.0414,0.33482,1.45909,23.2068,0.857143
rmse,last,9,0.001,70,500,1.0,0.0,3,2,5,1,10,551,422,19.7654,47.06,0.333135,1.40141,23.1564,0.857143
rmse,last,9,0.001,70,500,1.0,0.0,3,2,5,1,10,551,423,19.7893,47.0636,0.333679,1.35808,23.12,0.857143
rmse,last,9,0.001,70,500,1.0,0.0,3,2,5,1,10,551,424,19.8675,47.1184,0.332512,1.32797,23.0604,0.842857
rmse,last,9,0.001,70,500,1.0,0.0,3,2,5,1,10,551,425,19.8628,47.107,0.334898,1.31876,23.0445,0.857143
rmse,last,9,0.001,70,500,1.0,0.0,3,2,5,1,10,551,426,19.9202,47.1521,0.334483,1.34707,22.9808,0.857143
rmse,last,9,0.001,70,500,1.0,0.0,3,2,5,1,10,551,427,20.0076,47.1816,0.334846,1.39187,22.9507,0.857143
rmse,last,9,0.001,70,500,1.0,0.0,3,2,5,1,10,551,428,20.016,47.1984,0.334949,1.40622,22.9335,0.857143
rmse,last,9,0.001,70,500,1.0,0.0,3,2,5,1,10,551,429,20.0056,47.1823,0.336531,1.42005,22.8629,0.857143
rmse,last,9,0.001,70,500,1.0,0.0,3,2,5,1,10,551,430,20.0461,47.1936,0.336609,1.47008,22.9058,0.842857
rmse,last,9,0.001,70,500,1.0,0.0,3,2,5,1,10,551,431,20.0578,47.1014,0.337801,1.65201,22.9147,0.857143
rmse,last,9,0.001,70,500,1.0,0.0,3,2,5,1,10,551,432,20.1055,47.0552,0.33622,1.8746,23.0134,0.842857
rmse,last,9,0.001,70,500,1.0,0.0,3,2,5,1,10,551,433,20.1183,47.015,0.336505,2.03821,23.1621,0.842857
rmse,last,9,0.001,70,500,1.0,0.0,3,2,5,1,10,551,434,20.1818,47.0236,0.335675,2.1196,23.1692,0.842857
rmse,last,9,0.001,70,500,1.0,0.0,3,2,5,1,10,551,435,20.2067,47.0679,0.335105,2.19187,23.1424,0.828571
rmse,last,9,0.001,70,500,1.0,0.0,3,2,5,1,10,551,436,20.1749,47.1117,0.334353,2.04863,23.0718,0.842857
rmse,last,9,0.001,70,500,1.0,0.0,3,2,5,1,10,551,437,20.1662,47.1828,0.334768,1.92436,23.0064,0.842857
rmse,last,9,0.001,70,500,1.0,0.0,3,2,5,1,10,551,438,20.2439,47.3157,0.331968,1.78513,22.9661,0.828571
rmse,last,9,0.001,70,500,1.0,0.0,3,2,5,1,10,551,439,20.2511,47.3627,0.332123,1.77324,22.9086,0.8
rmse,last,9,0.001,70,500,1.0,0.0,3,2,5,1,10,551,440,20.2235,47.3804,0.330931,1.54251,22.8416,0.828571
rmse,last,9,0.001,70,500,1.0,0.0,3,2,5,1,10,551,441,20.2076,47.3708,0.331423,1.45047,22.7752,0.828571
rmse,last,9,0.001,70,500,1.0,0.0,3,2,5,1,10,551,442,20.2794,47.383,0.330853,1.44849,22.6898,0.814286
rmse,last,9,0.001,70,500,1.0,0.0,3,2,5,1,10,551,443,20.3146,47.3424,0.331553,1.49021,22.6313,0.814286
rmse,last,9,0.001,70,500,1.0,0.0,3,2,5,1,10,551,444,20.2913,47.2706,0.335001,1.47371,22.6011,0.828571
rmse,last,9,0.001,70,500,1.0,0.0,3,2,5,1,10,551,445,20.2953,47.2282,0.335442,1.52234,22.5827,0.828571
rmse,last,9,0.001,70,500,1.0,0.0,3,2,5,1,10,551,446,20.2918,47.1696,0.336012,1.55993,22.6164,0.842857
rmse,last,9,0.001,70,500,1.0,0.0,3,2,5,1,10,551,447,20.2795,47.1381,0.336375,1.56788,22.6083,0.842857
rmse,last,9,0.001,70,500,1.0,0.0,3,2,5,1,10,551,448,20.251,47.1176,0.337153,1.54841,22.5832,0.828571
rmse,last,9,0.001,70,500,1.0,0.0,3,2,5,1,10,551,449,20.2432,47.1325,0.338113,1.55615,22.5408,0.828571
rmse,last,9,0.001,70,500,1.0,0.0,3,2,5,1,10,551,450,20.2083,47.1527,0.340679,1.52668,22.4931,0.814286
rmse,last,9,0.001,70,500,1.0,0.0,3,2,5,1,10,551,-1,19.5349,46.95,0.342002,22.3919,46.1095,0.285714
rmse,last,9,0.001,70,500,1.0,0.0,3,2,5,1,10,551,451,20.2306,47.193,0.339824,1.50236,22.468,0.814286
rmse,last,9,0.001,70,500,1.0,0.0,3,2,5,1,10,551,452,20.2356,47.2214,0.340316,1.49275,22.4324,0.814286
rmse,last,9,0.001,70,500,1.0,0.0,3,2,5,1,10,551,453,20.2924,47.2389,0.339072,1.49174,22.3837,0.814286
rmse,last,9,0.001,70,500,1.0,0.0,3,2,5,1,10,551,454,20.3316,47.2611,0.338372,1.47555,22.3401,0.828571
rmse,last,9,0.001,70,500,1.0,0.0,3,2,5,1,10,551,455,20.3532,47.2797,0.338424,1.46896,22.3035,0.828571
rmse,last,9,0.001,70,500,1.0,0.0,3,2,5,1,10,551,456,20.3822,47.276,0.336479,1.56949,22.2849,0.814286
rmse,last,9,0.001,70,500,1.0,0.0,3,2,5,1,10,551,457,20.392,47.2971,0.336324,1.58546,22.2756,0.828571
rmse,last,9,0.001,70,500,1.0,0.0,3,2,5,1,10,551,458,20.3343,47.3613,0.336635,1.4209,22.2286,0.828571
rmse,last,9,0.001,70,500,1.0,0.0,3,2,5,1,10,551,459,20.3657,47.4166,0.336142,1.40173,22.1986,0.842857
rmse,last,9,0.001,70,500,1.0,0.0,3,2,5,1,10,551,460,20.4423,47.4559,0.335183,1.43404,22.1692,0.842857
rmse,last,9,0.001,70,500,1.0,0.0,3,2,5,1,10,551,461,20.4791,47.4571,0.335987,1.4745,22.1348,0.842857
rmse,last,9,0.001,70,500,1.0,0.0,3,2,5,1,10,551,462,20.456,47.4197,0.336453,1.50906,22.0956,0.828571
rmse,last,9,0.001,70,500,1.0,0.0,3,2,5,1,10,551,463,20.4014,47.3744,0.339253,1.53469,22.147,0.828571
rmse,last,9,0.001,70,500,1.0,0.0,3,2,5,1,10,551,464,20.2916,47.2642,0.340109,1.65784,22.3837,0.814286
rmse,last,9,0.001,70,500,1.0,0.0,3,2,5,1,10,551,465,20.2588,47.2534,0.341146,1.67937,22.3909,0.828571
rmse,last,9,0.001,70,500,1.0,0.0,3,2,5,1,10,551,466,20.3139,47.2561,0.339694,1.66173,22.2488,0.814286
rmse,last,9,0.001,70,500,1.0,0.0,3,2,5,1,10,551,467,20.4274,47.3247,0.339253,1.70296,22.1017,0.828571
rmse,last,9,0.001,70,500,1.0,0.0,3,2,5,1,10,551,468,20.5157,47.3901,0.338761,1.794,22.0738,0.828571
rmse,last,9,0.001,70,500,1.0,0.0,3,2,5,1,10,551,469,20.5478,47.4051,0.340498,1.87882,22.1954,0.814286
rmse,last,9,0.001,70,500,1.0,0.0,3,2,5,1,10,551,470,20.5614,47.3519,0.339668,1.8332,22.0418,0.828571
rmse,last,9,0.001,70,500,1.0,0.0,3,2,5,1,10,551,471,20.468,47.2838,0.339383,1.7587,21.9894,0.842857
rmse,last,9,0.001,70,500,1.0,0.0,3,2,5,1,10,551,472,20.3972,47.246,0.340679,1.70909,22.0149,0.828571
rmse,last,9,0.001,70,500,1.0,0.0,3,2,5,1,10,551,473,20.3998,47.2288,0.339253,1.66054,22.0265,0.828571
rmse,last,9,0.001,70,500,1.0,0.0,3,2,5,1,10,551,474,20.4085,47.2317,0.339072,1.61039,22.0359,0.828571
rmse,last,9,0.001,70,500,1.0,0.0,3,2,5,1,10,551,475,20.4343,47.2629,0.337957,1.60461,21.9909,0.828571
rmse,last,9,0.001,70,500,1.0,0.0,3,2,5,1,10,551,476,20.4593,47.2855,0.338035,1.6217,21.9465,0.828571
rmse,last,9,0.001,70,500,1.0,0.0,3,2,5,1,10,551,477,20.5023,47.315,0.33819,1.64505,21.9134,0.828571
rmse,last,9,0.001,70,500,1.0,0.0,3,2,5,1,10,551,478,20.5608,47.3471,0.338113,1.67989,21.89,0.828571
rmse,last,9,0.001,70,500,1.0,0.0,3,2,5,1,10,551,479,20.6186,47.374,0.337957,1.72866,21.8692,0.828571
rmse,last,9,0.001,70,500,1.0,0.0,3,2,5,1,10,551,480,20.6652,47.3895,0.33762,1.77544,21.8445,0.828571
rmse,last,9,0.001,70,500,1.0,0.0,3,2,5,1,10,551,481,20.6937,47.3934,0.337568,1.80241,21.8147,0.828571
rmse,last,9,0.001,70,500,1.0,0.0,3,2,5,1,10,551,482,20.7068,47.3944,0.337387,1.79938,21.7818,0.828571
rmse,last,9,0.001,70,500,1.0,0.0,3,2,5,1,10,551,483,20.707,47.3979,0.337905,1.76792,21.7555,0.828571
rmse,last,9,0.001,70,500,1.0,0.0,3,2,5,1,10,551,484,20.6924,47.4112,0.338372,1.7148,21.7367,0.828571
rmse,last,9,0.001,70,500,1.0,0.0,3,2,5,1,10,551,485,20.6975,47.4325,0.338087,1.66807,21.7069,0.828571
rmse,last,9,0.001,70,500,1.0,0.0,3,2,5,1,10,551,486,20.7054,47.4498,0.337335,1.64857,21.6813,0.828571
rmse,last,9,0.001,70,500,1.0,0.0,3,2,5,1,10,551,487,20.7369,47.4678,0.336842,1.67437,21.6525,0.828571
rmse,last,9,0.001,70,500,1.0,0.0,3,2,5,1,10,551,488,20.7847,47.4813,0.337231,1.7286,21.6246,0.828571
rmse,last,9,0.001,70,500,1.0,0.0,3,2,5,1,10,551,489,20.8279,47.4834,0.33762,1.77981,21.5997,0.828571
rmse,last,9,0.001,70,500,1.0,0.0,3,2,5,1,10,551,490,20.8489,47.4824,0.337931,1.79089,21.5737,0.828571
rmse,last,9,0.001,70,500,1.0,0.0,3,2,5,1,10,551,491,20.8523,47.4765,0.338035,1.766,21.5425,0.828571
rmse,last,9,0.001,70,500,1.0,0.0,3,2,5,1,10,551,492,20.8376,47.4723,0.33832,1.71543,21.5108,0.828571
rmse,last,9,0.001,70,500,1.0,0.0,3,2,5,1,10,551,493,20.8349,47.48,0.338475,1.666,21.4968,0.828571
rmse,last,9,0.001,70,500,1.0,0.0,3,2,5,1,10,551,494,20.8759,47.4982,0.338035,1.6616,21.4603,0.828571
rmse,last,9,0.001,70,500,1.0,0.0,3,2,5,1,10,551,495,20.916,47.5166,0.337646,1.68554,21.4406,0.828571
rmse,last,9,0.001,70,500,1.0,0.0,3,2,5,1,10,551,496,20.9336,47.5253,0.337672,1.71497,21.4166,0.828571
rmse,last,9,0.001,70,500,1.0,0.0,3,2,5,1,10,551,497,20.9457,47.534,0.337257,1.72238,21.4025,0.828571
rmse,last,9,0.001,70,500,1.0,0.0,3,2,5,1,10,551,498,21.013,47.5805,0.337283,1.7096,21.3757,0.842857
rmse,last,9,0.001,70,500,1.0,0.0,3,2,5,1,10,551,499,21.0288,47.5881,0.337672,1.69153,21.3481,0.842857
rmse,last,9,0.001,70,500,1.0,0.0,3,2,5,1,10,551,0,20.6569,47.5637,0.339642,24.172,48.0408,0.328571
rmse,last,9,0.001,70,500,1.0,0.0,3,2,5,1,10,551,1,20.627,47.5611,0.339253,23.5382,47.7542,0.342857
rmse,last,9,0.001,70,500,1.0,0.0,3,2,5,1,10,551,2,20.5954,47.5351,0.339694,23.1496,47.4166,0.371429
rmse,last,9,0.001,70,500,1.0,0.0,3,2,5,1,10,551,3,20.5856,47.4757,0.338113,22.4843,46.5172,0.385714
rmse,last,9,0.001,70,500,1.0,0.0,3,2,5,1,10,551,4,21.1987,48.1466,0.330386,24.9174,48.1507,0.314286
rmse,last,9,0.001,70,500,1.0,0.0,3,2,5,1,10,551,5,21.5003,48.391,0.329427,25.1746,48.5215,0.314286
rmse,last,9,0.001,70,500,1.0,0.0,3,2,5,1,10,551,6,21.7068,48.3978,0.33176,25.99,48.7895,0.285714
rmse,last,9,0.001,70,500,1.0,0.0,3,2,5,1,10,551,7,21.8545,48.441,0.333679,24.0945,47.6757,0.4
rmse,last,9,0.001,70,500,1.0,0.0,3,2,5,1,10,551,8,22.0021,48.5539,0.335053,23.5948,48.0499,0.357143
rmse,last,9,0.001,70,500,1.0,0.0,3,2,5,1,10,551,9,21.9453,48.7067,0.337309,22.4421,47.49,0.342857
rmse,last,9,0.001,70,500,1.0,0.0,3,2,5,1,10,551,10,21.8856,48.8326,0.334716,21.5413,47.4727,0.3
rmse,last,9,0.001,70,500,1.0,0.0,3,2,5,1,10,551,11,21.4396,48.9145,0.337464,21.8353,48.2843,0.285714
rmse,last,9,0.001,70,500,1.0,0.0,3,2,5,1,10,551,12,21.1577,49.1104,0.344594,21.6082,48.108,0.342857
rmse,last,9,0.001,70,500,1.0,0.0,3,2,5,1,10,551,13,20.7555,49.5175,0.340602,18.9929,47.3757,0.371429
rmse,last,9,0.001,70,500,1.0,0.0,3,2,5,1,10,551,14,20.5963,50.5346,0.331423,20.7682,48.9037,0.357143
rmse,last,9,0.001,70,500,1.0,0.0,3,2,5,1,10,551,15,20.1232,51.1618,0.325123,21.3537,49.976,0.314286
rmse,last,9,0.001,70,500,1.0,0.0,3,2,5,1,10,551,16,19.8798,51.5275,0.31903,20.796,50.1879,0.3
rmse,last,9,0.001,70,500,1.0,0.0,3,2,5,1,10,551,17,19.664,51.7506,0.318901,20.4833,50.2842,0.3
rmse,last,9,0.001,70,500,1.0,0.0,3,2,5,1,10,551,18,19.4688,51.8935,0.313352,20.3739,50.3364,0.285714
rmse,last,9,0.001,70,500,1.0,0.0,3,2,5,1,10,551,19,19.2405,51.8982,0.312626,20.2304,50.2795,0.285714
rmse,last,9,0.001,70,500,1.0,0.0,3,2,5,1,10,551,20,18.9578,51.8838,0.31343,19.4349,50.023,0.271429
rmse,last,9,0.001,70,500,1.0,0.0,3,2,5,1,10,551,21,18.7048,51.8735,0.314545,19.1663,50.1727,0.314286
rmse,last,9,0.001,70,500,1.0,0.0,3,2,5,1,10,551,22,18.4938,51.6843,0.31636,18.6461,49.7315,0.342857
rmse,last,9,0.001,70,500,1.0,0.0,3,2,5,1,10,551,23,18.332,51.4343,0.318227,18.5869,49.3807,0.328571
rmse,last,9,0.001,70,500,1.0,0.0,3,2,5,1,10,551,24,18.1826,51.1861,0.322375,19.0271,49.434,0.342857
rmse,last,9,0.001,70,500,1.0,0.0,3,2,5,1,10,551,25,18.0239,50.9347,0.326808,18.881,49.2464,0.385714
rmse,last,9,0.001,70,500,1.0,0.0,3,2,5,1,10,551,26,17.9109,50.684,0.333757,18.6175,48.9674,0.385714
rmse,last,9,0.001,70,500,1.0,0.0,3,2,5,1,10,551,27,17.8368,50.4372,0.346824,18.4,48.632,0.414286
rmse,last,9,0.001,70,500,1.0,0.0,3,2,5,1,10,551,28,17.7406,50.1508,0.351335,18.1772,48.1909,0.414286
rmse,last,9,0.001,70,500,1.0,0.0,3,2,5,1,10,551,29,17.632,49.8163,0.352709,17.9102,47.527,0.371429
rmse,last,9,0.001,70,500,1.0,0.0,3,2,5,1,10,551,30,17.5243,49.4178,0.352761,17.7434,46.5497,0.371429
rmse,last,9,0.001,70,500,1.0,0.0,3,2,5,1,10,551,31,17.362,48.9575,0.355224,15.9048,44.9974,0.371429
rmse,last,9,0.001,70,500,1.0,0.0,3,2,5,1,10,551,32,17.2008,48.4902,0.360902,15.1789,44.1863,0.371429
rmse,last,9,0.001,70,500,1.0,0.0,3,2,5,1,10,551,33,17.1432,48.2021,0.361758,15.562,44.2323,0.371429
rmse,last,9,0.001,70,500,1.0,0.0,3,2,5,1,10,551,34,17.1254,47.8821,0.366295,15.5584,43.8759,0.371429
rmse,last,9,0.001,70,500,1.0,0.0,3,2,5,1,10,551,35,17.1836,47.5772,0.367617,15.3189,43.3966,0.357143
rmse,last,9,0.001,70,500,1.0,0.0,3,2,5,1,10,551,36,17.1545,47.2642,0.370677,15.4473,43.2949,0.357143
rmse,last,9,0.001,70,500,1.0,0.0,3,2,5,1,10,551,37,17.1803,47.0246,0.370884,14.8746,42.7559,0.371429
rmse,last,9,0.001,70,500,1.0,0.0,3,2,5,1,10,551,38,17.2282,46.7479,0.36894,15.3093,42.374,0.371429
rmse,last,9,0.001,70,500,1.0,0.0,3,2,5,1,10,551,39,17.2696,46.5106,0.368447,15.0551,42.1752,0.371429
rmse,last,9,0.001,70,500,1.0,0.0,3,2,5,1,10,551,40,17.2858,46.3518,0.369303,14.6212,41.8823,0.342857
rmse,last,9,0.001,70,500,1.0,0.0,3,2,5,1,10,551,41,17.3027,46.2042,0.368862,14.8764,41.8689,0.342857
rmse,last,9,0.001,70,500,1.0,0.0,3,2,5,1,10,551,42,17.2614,46.102,0.367591,14.4168,41.8335,0.371429
rmse,last,9,0.001,70,500,1.0,0.0,3,2,5,1,10,551,43,17.1094,45.9792,0.369354,14.6624,42.1536,0.357143
rmse,last,9,0.001,70,500,1.0,0.0,3,2,5,1,10,551,44,16.9449,45.8915,0.371299,14.4342,42.115,0.342857
rmse,last,9,0.001,70,500,1.0,0.0,3,2,5,1,10,551,45,16.7667,45.8229,0.372725,13.954,41.7355,0.371429
rmse,last,9,0.001,70,500,1.0,0.0,3,2,5,1,10,551,46,16.6184,45.7355,0.373555,13.501,41.2605,0.385714
rmse,last,9,0.001,70,500,1.0,0.0,3,2,5,1,10,551,47,16.4812,45.6492,0.37511,13.0902,40.8537,0.385714
rmse,last,9,0.001,70,500,1.0,0.0,3,2,5,1,10,551,48,16.3787,45.5807,0.374669,12.3436,40.1447,0.414286
rmse,last,9,0.001,70,500,1.0,0.0,3,2,5,1,10,551,49,16.2278,45.4846,0.373606,11.7429,39.6475,0.4
rmse,last,9,0.001,70,500,1.0,0.0,3,2,5,1,10,551,50,16.0593,45.3972,0.373529,11.3184,39.4992,0.385714
rmse,last,9,0.001,70,500,1.0,0.0,3,2,5,1,10,551,-1,16.2178,45.8513,0.361058,21.9104,46.1758,0.285714
rmse,last,9,0.001,70,500,1.0,0.0,3,2,5,1,10,551,51,16.2136,45.4226,0.373632,12.4909,39.9472,0.428571
rmse,last,9,0.001,70,500,1.0,0.0,3,2,5,1,10,551,52,16.2798,45.4162,0.370832,12.8173,39.9487,0.385714
rmse,last,9,0.001,70,500,1.0,0.0,3,2,5,1,10,551,53,16.3421,45.4197,0.37021,13.0541,39.8135,0.385714
rmse,last,9,0.001,70,500,1.0,0.0,3,2,5,1,10,551,54,16.3968,45.4185,0.370417,13.8193,39.8651,0.385714
rmse,last,9,0.001,70,500,1.0,0.0,3,2,5,1,10,551,55,16.6137,45.4347,0.366088,14.3383,40.2742,0.4
rmse,last,9,0.001,70,500,1.0,0.0,3,2,5,1,10,551,56,16.6205,45.3985,0.363988,14.2914,40.347,0.414286
rmse,last,9,0.001,70,500,1.0,0.0,3,2,5,1,10,551,57,16.4332,45.3441,0.36518,13.6778,39.9376,0.4
rmse,last,9,0.001,70,500,1.0,0.0,3,2,5,1,10,551,58,16.1469,45.2927,0.369277,12.9851,39.6302,0.4
rmse,last,9,0.001,70,500,1.0,0.0,3,2,5,1,10,551,59,15.8441,45.222,0.37301,12.5968,39.4036,0.385714
rmse,last,9,0.001,70,500,1.0,0.0,3,2,5,1,10,551,60,15.5512,45.1412,0.374436,12.2458,39.2147,0.385714
rmse,last,9,0.001,70,500,1.0,0.0,3,2,5,1,10,551,61,15.3156,45.0776,0.375499,11.6307,39.0943,0.385714
rmse,last,9,0.001,70,500,1.0,0.0,3,2,5,1,10,551,62,15.1571,45.0122,0.375266,11.4556,39.1461,0.371429
rmse,last,9,0.001,70,500,1.0,0.0,3,2,5,1,10,551,63,15.083,44.9388,0.373581,11.0914,38.8864,0.371429
rmse,last,9,0.001,70,500,1.0,0.0,3,2,5,1,10,551,64,15.0987,44.9176,0.371273,11.1091,38.826,0.385714
rmse,last,9,0.001,70,500,1.0,0.0,3,2,5,1,10,551,65,15.1064,44.8542,0.370417,11.0839,38.6039,0.4
rmse,last,9,0.001,70,500,1.0,0.0,3,2,5,1,10,551,66,15.201,44.8121,0.36938,11.3493,38.5122,0.4
rmse,last,9,0.001,70,500,1.0,0.0,3,2,5,1,10,551,67,15.2526,44.787,0.368188,11.5549,38.5651,0.4
rmse,last,9,0.001,70,500,1.0,0.0,3,2,5,1,10,551,68,15.2273,44.7643,0.368006,11.3517,38.4285,0.4
rmse,last,9,0.001,70,500,1.0,0.0,3,2,5,1,10,551,69,15.3179,44.7655,0.368369,10.9344,38.1108,0.4
rmse,last,9,0.001,70,500,1.0,0.0,3,2,5,1,10,551,70,15.407,44.7567,0.368214,10.8556,38.0323,0.4
rmse,last,9,0.001,70,500,1.0,0.0,3,2,5,1,10,551,71,15.4237,44.7458,0.368421,10.8107,38.0164,0.4
rmse,last,9,0.001,70,500,1.0,0.0,3,2,5,1,10,551,72,15.3343,44.7264,0.369769,10.5553,37.902,0.385714
rmse,last,9,0.001,70,500,1.0,0.0,3,2,5,1,10,551,73,15.1636,44.703,0.371092,10.1909,37.7475,0.385714
rmse,last,9,0.001,70,500,1.0,0.0,3,2,5,1,10,551,74,15.0147,44.6748,0.371403,9.93956,37.6698,0.385714
rmse,last,9,0.001,70,500,1.0,0.0,3,2,5,1,10,551,75,14.8813,44.6357,0.372103,9.75517,37.5666,0.4
rmse,last,9,0.001,70,500,1.0,0.0,3,2,5,1,10,551,76,14.8117,44.6124,0.372829,9.66116,37.5281,0.4
rmse,last,9,0.001,70,500,1.0,0.0,3,2,5,1,10,551,77,14.8066,44.5988,0.373425,9.59776,37.4454,0.4
rmse,last,9,0.001,70,500,1.0,0.0,3,2,5,1,10,551,78,14.8467,44.5876,0.373477,9.54973,37.3345,0.385714
rmse,last,9,0.001,70,500,1.0,0.0,3,2,5,1,10,551,79,14.8911,44.5667,0.373969,9.51082,37.245,0.385714
rmse,last,9,0.001,70,500,1.0,0.0,3,2,5,1,10,551,80,14.9162,44.5506,0.373814,9.46357,37.1522,0.385714
rmse,last,9,0.001,70,500,1.0,0.0,3,2,5,1,10,551,81,14.9073,44.5325,0.373995,9.37865,37.0427,0.385714
rmse,last,9,0.001,70,500,1.0,0.0,3,2,5,1,10,551,82,14.8641,44.5092,0.375655,9.26379,36.953,0.414286
rmse,last,9,0.001,70,500,1.0,0.0,3,2,5,1,10,551,83,14.8187,44.4875,0.377288,9.14081,36.8872,0.414286
rmse,last,9,0.001,70,500,1.0,0.0,3,2,5,1,10,551,84,14.7744,44.4712,0.37747,9.01048,36.819,0.414286
rmse,last,9,0.001,70,500,1.0,0.0,3,2,5,1,10,551,85,14.7422,44.4654,0.377158,8.8734,36.7358,0.428571
rmse,last,9,0.001,70,500,1.0,0.0,3,2,5,1,10,551,86,14.7118,44.4616,0.377029,8.73946,36.6379,0.428571
rmse,last,9,0.001,70,500,1.0,0.0,3,2,5,1,10,551,87,14.6871,44.4598,0.376173,8.6182,36.5342,0.428571
rmse,last,9,0.001,70,500,1.0,0.0,3,2,5,1,10,551,88,14.6659,44.4591,0.375784,8.50304,36.4375,0.428571
rmse,last,9,0.001,70,500,1.0,0.0,3,2,5,1,10,551,89,14.6486,44.459,0.375136,8.40379,36.3602,0.428571
rmse,last,9,0.001,70,500,1.0,0.0,3,2,5,1,10,551,90,14.6412,44.4637,0.375318,8.32639,36.2999,0.442857
rmse,last,9,0.001,70,500,1.0,0.0,3,2,5,1,10,551,91,14.634,44.465,0.376329,8.25491,36.2306,0.442857
rmse,last,9,0.001,70,500,1.0,0.0,3,2,5,1,10,551,92,14.6283,44.4628,0.376562,8.28431,36.1533,0.457143
rmse,last,9,0.001,70,500,1.0,0.0,3,2,5,1,10,551,93,14.6305,44.4625,0.376355,8.30369,36.0842,0.428571
rmse,last,9,0.001,70,500,1.0,0.0,3,2,5,1,10,551,94,14.6472,44.4673,0.376458,8.31865,36.018,0.428571
rmse,last,9,0.001,70,500,1.0,0.0,3,2,5,1,10,551,95,14.6768,44.4743,0.376303,8.32921,35.9484,0.428571
rmse,last,9,0.001,70,500,1.0,0.0,3,2,5,1,10,551,96,14.7153,44.482,0.376588,8.32516,35.8737,0.428571
rmse,last,9,0.001,70,500,1.0,0.0,3,2,5,1,10,551,97,14.7544,44.4878,0.375706,8.30836,35.8014,0.428571
rmse,last,9,0.001,70,500,1.0,0.0,3,2,5,1,10,551,98,14.7924,44.492,0.375914,8.2986,35.7341,0.428571
rmse,last,9,0.001,70,500,1.0,0.0,3,2,5,1,10,551,99,14.8131,44.4941,0.376069,8.2776,35.679,0.442857
rmse,last,9,0.001,70,500,1.0,0.0,3,2,5,1,10,551,100,14.5417,44.4695,0.376614,8.19167,35.8112,0.428571
rmse,last,9,0.001,70,500,1.0,0.0,3,2,5,1,10,551,-1,14.1098,44.8667,0.369795,18.2634,45.0165,0.271429
rmse,last,9,0.001,70,500,1.0,0.0,3,2,5,1,10,551,101,14.3489,44.4493,0.376795,8.17256,36.0188,0.442857
rmse,last,9,0.001,70,500,1.0,0.0,3,2,5,1,10,551,102,14.2105,44.4319,0.377962,8.09537,36.1768,0.428571
rmse,last,9,0.001,70,500,1.0,0.0,3,2,5,1,10,551,103,14.1557,44.4114,0.378195,8.12018,36.2025,0.428571
rmse,last,9,0.001,70,500,1.0,0.0,3,2,5,1,10,551,104,14.145,44.3994,0.377651,8.18743,36.2021,0.428571
rmse,last,9,0.001,70,500,1.0,0.0,3,2,5,1,10,551,105,14.1815,44.3982,0.37677,8.17221,36.1021,0.428571
rmse,last,9,0.001,70,500,1.0,0.0,3,2,5,1,10,551,106,14.2939,44.3954,0.374877,8.45854,36.2065,0.428571
rmse,last,9,0.001,70,500,1.0,0.0,3,2,5,1,10,551,107,14.3669,44.3904,0.373918,8.52035,36.1753,0.428571
rmse,last,9,0.001,70,500,1.0,0.0,3,2,5,1,10,551,108,14.4103,44.3815,0.37384,8.50259,36.0892,0.428571
rmse,last,9,0.001,70,500,1.0,0.0,3,2,5,1,10,551,109,14.4432,44.3735,0.374747,8.43282,35.9498,0.442857
rmse,last,9,0.001,70,500,1.0,0.0,3,2,5,1,10,551,110,14.4874,44.3735,0.375681,8.36573,35.7894,0.442857
rmse,last,9,0.001,70,500,1.0,0.0,3,2,5,1,10,551,111,14.5013,44.3843,0.377651,8.35448,35.703,0.442857
rmse,last,9,0.001,70,500,1.0,0.0,3,2,5,1,10,551,112,14.5167,44.3875,0.379233,8.33866,35.6203,0.442857
rmse,last,9,0.001,70,500,1.0,0.0,3,2,5,1,10,551,113,14.514,44.3941,0.380347,8.26063,35.5473,0.5
rmse,last,9,0.001,70,500,1.0,0.0,3,2,5,1,10,551,114,14.4786,44.3909,0.381851,8.11273,35.4256,0.5
rmse,last,9,0.001,70,500,1.0,0.0,3,2,5,1,10,551,115,14.5327,44.4288,0.38154,8.06089,35.4681,0.5
rmse,last,9,0.001,70,500,1.0,0.0,3,2,5,1,10,551,116,14.5131,44.4956,0.379596,7.85633,35.3839,0.457143
rmse,last,9,0.001,70,500,1.0,0.0,3,2,5,1,10,551,117,14.4524,44.5185,0.378947,7.81327,35.5555,0.457143
rmse,last,9,0.001,70,500,1.0,0.0,3,2,5,1,10,551,118,14.4364,44.5368,0.378688,7.77736,35.6222,0.442857
rmse,last,9,0.001,70,500,1.0,0.0,3,2,5,1,10,551,119,14.5369,44.5573,0.377755,7.73561,35.5471,0.457143
rmse,last,9,0.001,70,500,1.0,0.0,3,2,5,1,10,551,120,14.6543,44.5779,0.377184,7.77034,35.4265,0.471429
rmse,last,9,0.001,70,500,1.0,0.0,3,2,5,1,10,551,121,14.6331,44.5575,0.377599,7.68712,35.2881,0.457143
rmse,last,9,0.001,70,500,1.0,0.0,3,2,5,1,10,551,122,14.6843,44.5486,0.379258,7.72997,35.1723,0.457143
rmse,last,9,0.001,70,500,1.0,0.0,3,2,5,1,10,551,123,14.8474,44.5416,0.379492,7.84006,35.1792,0.5
rmse,last,9,0.001,70,500,1.0,0.0,3,2,5,1,10,551,124,14.9842,44.5272,0.379959,8.09277,35.2018,0.5
rmse,last,9,0.001,70,500,1.0,0.0,3,2,5,1,10,551,125,14.9449,44.5071,0.380529,7.93777,35.0603,0.485714
rmse,last,9,0.001,70,500,1.0,0.0,3,2,5,1,10,551,126,14.9453,44.4857,0.38071,7.95882,35.0544,0.485714
rmse,last,9,0.001,70,500,1.0,0.0,3,2,5,1,10,551,127,14.9584,44.4815,0.38027,7.94122,34.9915,0.485714
rmse,last,9,0.001,70,500,1.0,0.0,3,2,5,1,10,551,128,14.8725,44.4639,0.380581,7.79188,34.783,0.485714
rmse,last,9,0.001,70,500,1.0,0.0,3,2,5,1,10,551,129,14.8274,44.469,0.380788,7.71151,34.6814,0.5
rmse,last,9,0.001,70,500,1.0,0.0,3,2,5,1,10,551,130,14.802,44.4699,0.381462,7.51744,34.6285,0.5
rmse,last,9,0.001,70,500,1.0,0.0,3,2,5,1,10,551,131,14.9172,44.5065,0.382162,7.48307,34.4829,0.5
rmse,last,9,0.001,70,500,1.0,0.0,3,2,5,1,10,551,132,15.1113,44.5349,0.382033,7.621,34.4359,0.514286
rmse,last,9,0.001,70,500,1.0,0.0,3,2,5,1,10,551,133,15.1421,44.5485,0.38237,7.74106,34.4256,0.528571
rmse,last,9,0.001,70,500,1.0,0.0,3,2,5,1,10,551,134,15.0952,44.5558,0.381177,7.84224,34.3876,0.514286
rmse,last,9,0.001,70,500,1.0,0.0,3,2,5,1,10,551,135,15.108,44.5562,0.380918,7.73443,34.3001,0.485714
rmse,last,9,0.001,70,500,1.0,0.0,3,2,5,1,10,551,136,15.1555,44.5441,0.381773,7.56489,34.2071,0.5
rmse,last,9,0.001,70,500,1.0,0.0,3,2,5,1,10,551,137,15.2006,44.549,0.381333,7.58768,34.1746,0.5
rmse,last,9,0.001,70,500,1.0,0.0,3,2,5,1,10,551,138,15.1873,44.555,0.381229,7.45593,34.1049,0.5
rmse,last,9,0.001,70,500,1.0,0.0,3,2,5,1,10,551,139,15.1531,44.5549,0.381047,7.23148,34.0328,0.5
rmse,last,9,0.001,70,500,1.0,0.0,3,2,5,1,10,551,140,15.133,44.5588,0.382292,7.08988,33.9967,0.5
rmse,last,9,0.001,70,500,1.0,0.0,3,2,5,1,10,551,141,15.152,44.5617,0.383173,7.02303,33.9445,0.5
rmse,last,9,0.001,70,500,1.0,0.0,3,2,5,1,10,551,142,15.2104,44.5702,0.384081,7.02332,33.8844,0.5
rmse,last,9,0.001,70,500,1.0,0.0,3,2,5,1,10,551,143,15.2785,44.5899,0.384262,7.01667,33.8326,0.5
rmse,last,9,0.001,70,500,1.0,0.0,3,2,5,1,10,551,144,15.2838,44.5958,0.384159,6.91406,33.7626,0.514286
rmse,last,9,0.001,70,500,1.0,0.0,3,2,5,1,10,551,145,15.3245,44.6069,0.384522,6.87427,33.6902,0.514286
rmse,last,9,0.001,70,500,1.0,0.0,3,2,5,1,10,551,146,15.3759,44.6154,0.384885,6.87285,33.6504,0.528571
rmse,last,9,0.001,70,500,1.0,0.0,3,2,5,1,10,551,147,15.427,44.6347,0.384262,7.00211,33.6499,0.514286
rmse,last,9,0.001,70,500,1.0,0.0,3,2,5,1,10,551,148,15.4551,44.6452,0.383381,7.05021,33.6234,0.485714
rmse,last,9,0.001,70,500,1.0,0.0,3,2,5,1,10,551,149,15.4743,44.6389,0.383459,7.00744,33.5512,0.485714
rmse,last,9,0.001,70,500,1.0,0.0,3,2,5,1,10,551,150,15.4865,44.6279,0.384159,6.84242,33.4459,0.5
rmse,last,9,0.001,70,500,1.0,0.0,3,2,5,1,10,551,-1,15.4933,45.2265,0.373684,18.0686,45.0815,0.3
rmse,last,9,0.001,70,500,1.0,0.0,3,2,5,1,10,551,151,15.5386,44.6465,0.383407,7.08567,33.4494,0.485714
rmse,last,9,0.001,70,500,1.0,0.0,3,2,5,1,10,551,152,15.5341,44.6475,0.383925,7.01689,33.509,0.471429
rmse,last,9,0.001,70,500,1.0,0.0,3,2,5,1,10,551,153,15.3189,44.5806,0.384677,6.79939,33.4223,0.5
rmse,last,9,0.001,70,500,1.0,0.0,3,2,5,1,10,551,154,15.1873,44.5589,0.385196,7.2059,33.9525,0.471429
rmse,last,9,0.001,70,500,1.0,0.0,3,2,5,1,10,551,155,15.4931,44.6378,0.385403,7.42397,33.6045,0.485714
rmse,last,9,0.001,70,500,1.0,0.0,3,2,5,1,10,551,156,16.0383,44.9377,0.386129,8.79785,34.8904,0.5
rmse,last,9,0.001,70,500,1.0,0.0,3,2,5,1,10,551,157,16.4173,45.1074,0.381877,9.78552,35.6933,0.514286
rmse,last,9,0.001,70,500,1.0,0.0,3,2,5,1,10,551,158,16.6589,45.2517,0.379051,10.2517,36.0652,0.485714
rmse,last,9,0.001,70,500,1.0,0.0,3,2,5,1,10,551,159,16.8157,45.3798,0.377418,10.4591,36.0604,0.485714
rmse,last,9,0.001,70,500,1.0,0.0,3,2,5,1,10,551,160,16.8093,45.4677,0.377625,10.2233,35.7576,0.485714
rmse,last,9,0.001,70,500,1.0,0.0,3,2,5,1,10,551,161,16.8183,45.5988,0.379777,10.0468,35.4963,0.485714
rmse,last,9,0.001,70,500,1.0,0.0,3,2,5,1,10,551,162,17.3161,45.6087,0.37384,10.4218,36.053,0.485714
rmse,last,9,0.001,70,500,1.0,0.0,3,2,5,1,10,551,163,17.6011,45.561,0.367514,10.8496,36.6978,0.514286
rmse,last,9,0.001,70,500,1.0,0.0,3,2,5,1,10,551,164,17.7897,45.5946,0.366736,11.3126,36.6513,0.514286
rmse,last,9,0.001,70,500,1.0,0.0,3,2,5,1,10,551,165,17.8332,45.5716,0.365102,11.5394,36.5075,0.514286
rmse,last,9,0.001,70,500,1.0,0.0,3,2,5,1,10,551,166,17.826,45.5971,0.365051,11.106,36.1447,0.5
rmse,last,9,0.001,70,500,1.0,0.0,3,2,5,1,10,551,167,17.8305,45.6933,0.365699,10.5001,35.7882,0.471429
rmse,last,9,0.001,70,500,1.0,0.0,3,2,5,1,10,551,168,17.7502,45.7669,0.366995,10.078,35.4715,0.471429
rmse,last,9,0.001,70,500,1.0,0.0,3,2,5,1,10,551,169,17.6307,45.8259,0.366321,10.0192,35.4809,0.457143
rmse,last,9,0.001,70,500,1.0,0.0,3,2,5,1,10,551,170,17.5068,45.88,0.366477,9.52248,35.0357,0.471429
rmse,last,9,0.001,70,500,1.0,0.0,3,2,5,1,10,551,171,17.4426,46.0024,0.367488,9.04579,34.5066,0.471429
rmse,last,9,0.001,70,500,1.0,0.0,3,2,5,1,10,551,172,17.3485,46.0689,0.368914,8.71298,34.3448,0.442857
rmse,last,9,0.001,70,500,1.0,0.0,3,2,5,1,10,551,173,17.2983,46.1639,0.37078,8.60736,34.1376,0.457143
rmse,last,9,0.001,70,500,1.0,0.0,3,2,5,1,10,551,174,17.2879,46.2386,0.371143,8.60246,34.1924,0.457143
rmse,last,9,0.001,70,500,1.0,0.0,3,2,5,1,10,551,175,17.3395,46.272,0.37148,8.53981,34.098,0.471429
rmse,last,9,0.001,70,500,1.0,0.0,3,2,5,1,10,551,176,17.3898,46.2535,0.371325,8.47741,33.9544,0.485714
rmse,last,9,0.001,70,500,1.0,0.0,3,2,5,1,10,551,177,17.4787,46.2551,0.371143,8.5156,33.7008,0.485714
rmse,last,9,0.001,70,500,1.0,0.0,3,2,5,1,10,551,178,17.5393,46.2311,0.371117,8.2979,33.5109,0.485714
rmse,last,9,0.001,70,500,1.0,0.0,3,2,5,1,10,551,179,17.5589,46.2065,0.369303,8.25339,33.4896,0.514286
rmse,last,9,0.001,70,500,1.0,0.0,3,2,5,1,10,551,180,17.4349,46.2898,0.368784,8.16051,33.378,0.5
rmse,last,9,0.001,70,500,1.0,0.0,3,2,5,1,10,551,181,17.3098,46.3435,0.369899,7.8395,33.3595,0.5
rmse,last,9,0.001,70,500,1.0,0.0,3,2,5,1,10,551,182,17.2225,46.2888,0.372517,7.62018,33.3076,0.514286
rmse,last,9,0.001,70,500,1.0,0.0,3,2,5,1,10,551,183,17.2487,46.2249,0.374618,7.49893,33.0765,0.514286
rmse,last,9,0.001,70,500,1.0,0.0,3,2,5,1,10,551,184,17.3591,46.1594,0.374462,7.8246,33.2064,0.514286
rmse,last,9,0.001,70,500,1.0,0.0,3,2,5,1,10,551,185,17.9514,46.0642,0.368291,9.31865,34.09,0.485714
rmse,last,9,0.001,70,500,1.0,0.0,3,2,5,1,10,551,186,18.4858,46.0123,0.366788,10.3355,34.9545,0.5
rmse,last,9,0.001,70,500,1.0,0.0,3,2,5,1,10,551,187,18.8704,45.9988,0.362639,11.4637,36.0201,0.514286
rmse,last,9,0.001,70,500,1.0,0.0,3,2,5,1,10,551,188,19.1306,46.0213,0.359736,11.5506,36.2659,0.514286
rmse,last,9,0.001,70,500,1.0,0.0,3,2,5,1,10,551,189,19.3146,46.0645,0.356572,12.0012,36.2456,0.514286
rmse,last,9,0.001,70,500,1.0,0.0,3,2,5,1,10,551,190,19.3904,46.097,0.357817,12.3045,36.1104,0.528571
rmse,last,9,0.001,70,500,1.0,0.0,3,2,5,1,10,551,191,19.3859,46.1348,0.357013,12.3921,36.1206,0.528571
rmse,last,9,0.001,70,500,1.0,0.0,3,2,5,1,10,551,192,19.3095,46.1412,0.35888,12.3508,36.0371,0.528571
rmse,last,9,0.001,70,500,1.0,0.0,3,2,5,1,10,551,193,19.1927,46.148,0.357143,12.075,35.8299,0.528571
rmse,last,9,0.001,70,500,1.0,0.0,3,2,5,1,10,551,194,19.0247,46.1488,0.356365,11.6519,35.6062,0.542857
rmse,last,9,0.001,70,500,1.0,0.0,3,2,5,1,10,551,195,18.8235,46.1471,0.358258,11.0623,35.3637,0.514286
rmse,last,9,0.001,70,500,1.0,0.0,3,2,5,1,10,551,196,18.5623,46.1356,0.360099,11.8618,35.8562,0.5
rmse,last,9,0.001,70,500,1.0,0.0,3,2,5,1,10,551,197,18.3792,46.1123,0.36098,11.6487,35.8221,0.5
rmse,last,9,0.001,70,500,1.0,0.0,3,2,5,1,10,551,198,18.3102,46.1153,0.361136,11.2633,35.7233,0.528571
rmse,last,9,0.001,70,500,1.0,0.0,3,2,5,1,10,551,199,18.2545,46.0867,0.361265,10.842,35.4416,0.542857
rmse,last,9,0.001,70,500,1.0,0.0,3,2,5,1,10,551,200,18.2927,46.0213,0.357895,10.2655,34.8706,0.528571
rmse,last,9,0.001,70,500,1.0,0.0,3,2,5,1,10,551,-1,18.3788,46.9772,0.347887,19.6177,45.7179,0.342857
rmse,last,9,0.001,70,500,1.0,0.0,3,2,5,1,10,551,201,18.3686,45.9723,0.358854,10.5133,34.7851,0.528571
rmse,last,9,0.001,70,500,1.0,0.0,3,2,5,1,10,551,202,18.4626,45.9313,0.357921,10.4351,34.7303,0.542857
rmse,last,9,0.001,70,500,1.0,0.0,3,2,5,1,10,551,203,18.4542,45.8945,0.357921,10.4688,34.6282,0.528571
rmse,last,9,0.001,70,500,1.0,0.0,3,2,5,1,10,551,204,18.542,45.8846,0.357428,9.96164,34.4438,0.528571
rmse,last,9,0.001,70,500,1.0,0.0,3,2,5,1,10,551,205,18.4621,45.8723,0.357869,9.65116,34.315,0.514286
rmse,last,9,0.001,70,500,1.0,0.0,3,2,5,1,10,551,206,18.5414,45.865,0.357532,9.44579,34.242,0.528571
rmse,last,9,0.001,70,500,1.0,0.0,3,2,5,1,10,551,207,18.5649,45.8682,0.358491,9.37561,34.178,0.528571
rmse,last,9,0.001,70,500,1.0,0.0,3,2,5,1,10,551,208,18.5579,45.8699,0.358413,9.66404,34.1875,0.514286
rmse,last,9,0.001,70,500,1.0,0.0,3,2,5,1,10,551,209,18.5246,45.8579,0.359554,9.66704,34.1106,0.514286
rmse,last,9,0.001,70,500,1.0,0.0,3,2,5,1,10,551,210,18.4481,45.8519,0.35958,9.54679,34.0344,0.528571
rmse,last,9,0.001,70,500,1.0,0.0,3,2,5,1,10,551,211,18.4662,45.809,0.361343,9.2419,33.9191,0.542857
rmse,last,9,0.001,70,500,1.0,0.0,3,2,5,1,10,551,212,18.4504,45.7971,0.362406,9.09186,33.6571,0.542857
rmse,last,9,0.001,70,500,1.0,0.0,3,2,5,1,10,551,213,18.3757,45.7789,0.362588,8.97039,33.5038,0.557143
rmse,last,9,0.001,70,500,1.0,0.0,3,2,5,1,10,551,214,18.2824,45.7695,0.363417,8.86689,33.3366,0.542857
rmse,last,9,0.001,70,500,1.0,0.0,3,2,5,1,10,551,215,18.1748,45.7837,0.36238,8.57547,33.0843,0.557143
rmse,last,9,0.001,70,500,1.0,0.0,3,2,5,1,10,551,216,18.1163,45.817,0.363417,8.29409,32.8211,0.557143
rmse,last,9,0.001,70,500,1.0,0.0,3,2,5,1,10,551,217,17.9772,45.8063,0.363884,8.12914,32.5779,0.571429
rmse,last,9,0.001,70,500,1.0,0.0,3,2,5,1,10,551,218,17.9784,45.8196,0.363236,7.95374,32.4651,0.571429
rmse,last,9,0.001,70,500,1.0,0.0,3,2,5,1,10,551,219,17.9396,45.8342,0.363702,7.85631,32.2843,0.571429
rmse,last,9,0.001,70,500,1.0,0.0,3,2,5,1,10,551,220,17.8923,45.8438,0.363028,7.76774,32.2445,0.557143
rmse,last,9,0.001,70,500,1.0,0.0,3,2,5,1,10,551,221,17.9963,45.8645,0.362121,7.70587,32.2183,0.571429
rmse,last,9,0.001,70,500,1.0,0.0,3,2,5,1,10,551,222,17.9975,45.8746,0.36098,7.66502,32.1466,0.585714
rmse,last,9,0.001,70,500,1.0,0.0,3,2,5,1,10,551,223,17.9139,45.868,0.362017,7.58837,31.9524,0.585714
rmse,last,9,0.001,70,500,1.0,0.0,3,2,5,1,10,551,224,17.8658,45.871,0.362899,7.49719,31.8675,0.571429
rmse,last,9,0.001,70,500,1.0,0.0,3,2,5,1,10,551,225,17.7693,45.8933,0.36378,7.26139,31.7011,0.6
rmse,last,9,0.001,70,500,1.0,0.0,3,2,5,1,10,551,226,17.6697,45.901,0.366451,7.01382,31.6332,0.6
rmse,last,9,0.001,70,500,1.0,0.0,3,2,5,1,10,551,227,17.6477,45.9156,0.365984,6.78514,31.5141,0.6
rmse,last,9,0.001,70,500,1.0,0.0,3,2,5,1,10,551,228,17.644,45.9176,0.365465,6.66945,31.4239,0.6
rmse,last,9,0.001,70,500,1.0,0.0,3,2,5,1,10,551,229,17.64,45.8952,0.365958,6.55906,31.3336,0.6
rmse,last,9,0.001,70,500,1.0,0.0,3,2,5,1,10,551,230,17.6799,45.893,0.366684,6.50663,31.2792,0.585714
rmse,last,9,0.001,70,500,1.0,0.0,3,2,5,1,10,551,231,17.6794,45.8868,0.366243,6.45045,31.2435,0.585714
rmse,last,9,0.001,70,500,1.0,0.0,3,2,5,1,10,551,232,17.6727,45.8948,0.366295,6.38175,31.1391,0.6
rmse,last,9,0.001,70,500,1.0,0.0,3,2,5,1,10,551,233,17.6676,45.9086,0.366606,6.316,31.0251,0.6
rmse,last,9,0.001,70,500,1.0,0.0,3,2,5,1,10,551,234,17.6667,45.9315,0.367254,6.317,30.9233,0.6
rmse,last,9,0.001,70,500,1.0,0.0,3,2,5,1,10,551,235,17.6715,45.9577,0.367488,6.31254,30.8307,0.6
rmse,last,9,0.001,70,500,1.0,0.0,3,2,5,1,10,551,236,17.7313,45.975,0.367228,6.34185,30.7336,0.6
rmse,last,9,0.001,70,500,1.0,0.0,3,2,5,1,10,551,237,17.8001,45.9897,0.366788,6.35039,30.6606,0.6
rmse,last,9,0.001,70,500,1.0,0.0,3,2,5,1,10,551,238,17.8264,46.004,0.366243,6.3209,30.5737,0.6
rmse,last,9,0.001,70,500,1.0,0.0,3,2,5,1,10,551,239,17.7951,45.9915,0.366321,6.2399,30.4708,0.614286
rmse,last,9,0.001,70,500,1.0,0.0,3,2,5,1,10,551,240,17.7912,45.9863,0.365854,6.17549,30.4073,0.614286
rmse,last,9,0.001,70,500,1.0,0.0,3,2,5,1,10,551,241,17.8018,45.9964,0.36588,6.04883,30.3143,0.614286
rmse,last,9,0.001,70,500,1.0,0.0,3,2,5,1,10,551,242,17.7892,45.9986,0.365802,5.95961,30.2417,0.614286
rmse,last,9,0.001,70,500,1.0,0.0,3,2,5,1,10,551,243,17.815,46.006,0.365414,5.92878,30.1315,0.614286
rmse,last,9,0.001,70,500,1.0,0.0,3,2,5,1,10,551,244,17.8574,46.0068,0.365362,5.92803,30.0231,0.614286
rmse,last,9,0.001,70,500,1.0,0.0,3,2,5,1,10,551,245,17.891,46.0153,0.365258,5.89908,29.9133,0.628571
rmse,last,9,0.001,70,500,1.0,0.0,3,2,5,1,10,551,246,17.8862,46.0234,0.366269,5.81484,29.8171,0.628571
rmse,last,9,0.001,70,500,1.0,0.0,3,2,5,1,10,551,247,17.8726,46.0307,0.367151,5.68441,29.7101,0.628571
rmse,last,9,0.001,70,500,1.0,0.0,3,2,5,1,10,551,248,17.8539,46.0389,0.367773,5.60313,29.5921,0.628571
rmse,last,9,0.001,70,500,1.0,0.0,3,2,5,1,10,551,249,17.8373,46.0646,0.367202,5.57685,29.4999,0.657143
rmse,last,9,0.001,70,500,1.0,0.0,3,2,5,1,10,551,250,17.8484,46.0655,0.36728,5.34342,29.2585,0.671429
rmse,last,9,0.001,70,500,1.0,0.0,3,2,5,1,10,551,-1,18.0273,47.0136,0.346565,20.5172,46.1951,0.371429
rmse,last,9,0.001,70,500,1.0,0.0,3,2,5,1,10,551,251,17.9012,46.0782,0.366217,5.11631,28.9309,0.671429
rmse,last,9,0.001,70,500,1.0,0.0,3,2,5,1,10,551,252,17.9426,46.1051,0.365647,5.35669,29.1809,0.671429
rmse,last,9,0.001,70,500,1.0,0.0,3,2,5,1,10,551,253,18.331,45.9729,0.364351,6.98471,30.0477,0.6
rmse,last,9,0.001,70,500,1.0,0.0,3,2,5,1,10,551,254,18.8888,46.0092,0.358595,8.12394,31.1996,0.514286
rmse,last,9,0.001,70,500,1.0,0.0,3,2,5,1,10,551,255,19.0683,45.8986,0.35958,10.0327,32.8843,0.485714
rmse,last,9,0.001,70,500,1.0,0.0,3,2,5,1,10,551,256,18.9674,45.9735,0.357013,9.47862,32.2453,0.485714
rmse,last,9,0.001,70,500,1.0,0.0,3,2,5,1,10,551,257,18.7025,46.0006,0.359736,7.74385,31.4257,0.471429
rmse,last,9,0.001,70,500,1.0,0.0,3,2,5,1,10,551,258,18.6348,46.0171,0.36015,7.63738,31.4321,0.485714
rmse,last,9,0.001,70,500,1.0,0.0,3,2,5,1,10,551,259,18.5646,45.987,0.361939,7.99248,32.0156,0.471429
rmse,last,9,0.001,70,500,1.0,0.0,3,2,5,1,10,551,260,18.8016,46.0449,0.357506,8.48204,32.7877,0.471429
rmse,last,9,0.001,70,500,1.0,0.0,3,2,5,1,10,551,261,20.0012,45.9278,0.348068,15.6619,37.6035,0.442857
rmse,last,9,0.001,70,500,1.0,0.0,3,2,5,1,10,551,262,20.5932,45.7933,0.348794,16.3589,39.2895,0.4
rmse,last,9,0.001,70,500,1.0,0.0,3,2,5,1,10,551,263,20.8173,45.7476,0.348509,17.2821,40.3799,0.4
rmse,last,9,0.001,70,500,1.0,0.0,3,2,5,1,10,551,264,20.9614,45.6805,0.350765,18.1313,41.2582,0.385714
rmse,last,9,0.001,70,500,1.0,0.0,3,2,5,1,10,551,265,21.1361,45.6653,0.351543,18.3738,41.7147,0.4
rmse,last,9,0.001,70,500,1.0,0.0,3,2,5,1,10,551,266,21.2028,45.6354,0.348665,18.6153,41.6763,0.385714
rmse,last,9,0.001,70,500,1.0,0.0,3,2,5,1,10,551,267,21.1419,45.5813,0.346305,19.0112,41.7198,0.385714
rmse,last,9,0.001,70,500,1.0,0.0,3,2,5,1,10,551,268,20.9869,45.4813,0.347446,18.4371,41.2011,0.414286
rmse,last,9,0.001,70,500,1.0,0.0,3,2,5,1,10,551,269,20.8511,45.3836,0.350843,18.0834,41.0931,0.4
rmse,last,9,0.001,70,500,1.0,0.0,3,2,5,1,10,551,270,20.6596,45.2539,0.35385,17.9676,40.9474,0.385714
rmse,last,9,0.001,70,500,1.0,0.0,3,2,5,1,10,551,271,20.4893,45.1223,0.354265,18.0779,40.8328,0.371429
rmse,last,9,0.001,70,500,1.0,0.0,3,2,5,1,10,551,272,20.3278,44.979,0.354524,17.7843,40.6,0.371429
rmse,last,9,0.001,70,500,1.0,0.0,3,2,5,1,10,551,273,20.145,44.8174,0.354991,17.7861,40.5502,0.357143
rmse,last,9,0.001,70,500,1.0,0.0,3,2,5,1,10,551,274,19.939,44.6385,0.355976,17.4996,40.3477,0.385714
rmse,last,9,0.001,70,500,1.0,0.0,3,2,5,1,10,551,275,19.6929,44.4602,0.35608,17.0811,40.2739,0.385714
rmse,last,9,0.001,70,500,1.0,0.0,3,2,5,1,10,551,276,19.4446,44.3167,0.355484,16.7431,40.2675,0.385714
rmse,last,9,0.001,70,500,1.0,0.0,3,2,5,1,10,551,277,19.2011,44.2066,0.355224,16.4821,40.1826,0.414286
rmse,last,9,0.001,70,500,1.0,0.0,3,2,5,1,10,551,278,18.9924,44.1389,0.35538,16.0086,39.9955,0.428571
rmse,last,9,0.001,70,500,1.0,0.0,3,2,5,1,10,551,279,18.8272,44.106,0.354498,15.3993,39.7284,0.428571
rmse,last,9,0.001,70,500,1.0,0.0,3,2,5,1,10,551,280,18.7015,44.1013,0.353721,14.7467,39.4336,0.428571
rmse,last,9,0.001,70,500,1.0,0.0,3,2,5,1,10,551,281,18.6013,44.1159,0.353513,14.2786,39.1985,0.428571
rmse,last,9,0.001,70,500,1.0,0.0,3,2,5,1,10,551,282,18.5191,44.1431,0.353772,13.946,38.9965,0.428571
rmse,last,9,0.001,70,500,1.0,0.0,3,2,5,1,10,551,283,18.4512,44.178,0.353798,13.6724,38.809,0.414286
rmse,last,9,0.001,70,500,1.0,0.0,3,2,5,1,10,551,284,18.3896,44.2115,0.353046,13.5399,38.649,0.414286
rmse,last,9,0.001,70,500,1.0,0.0,3,2,5,1,10,551,285,18.3294,44.237,0.352735,13.4031,38.5165,0.414286
rmse,last,9,0.001,70,500,1.0,0.0,3,2,5,1,10,551,286,18.2689,44.252,0.353591,13.1575,38.385,0.414286
rmse,last,9,0.001,70,500,1.0,0.0,3,2,5,1,10,551,287,18.2023,44.2535,0.353306,12.8925,38.2481,0.414286
rmse,last,9,0.001,70,500,1.0,0.0,3,2,5,1,10,551,288,18.1233,44.2444,0.352969,12.6518,38.1039,0.4
rmse,last,9,0.001,70,500,1.0,0.0,3,2,5,1,10,551,289,18.0291,44.227,0.35302,12.4235,37.9404,0.4
rmse,last,9,0.001,70,500,1.0,0.0,3,2,5,1,10,551,290,17.9203,44.2037,0.352969,12.1852,37.7692,0.4
rmse,last,9,0.001,70,500,1.0,0.0,3,2,5,1,10,551,291,17.8075,44.1785,0.352502,11.9458,37.6161,0.4
rmse,last,9,0.001,70,500,1.0,0.0,3,2,5,1,10,551,292,17.6974,44.1538,0.35232,11.7191,37.4858,0.428571
rmse,last,9,0.001,70,500,1.0,0.0,3,2,5,1,10,551,293,17.5988,44.1326,0.352943,11.4799,37.3632,0.428571
rmse,last,9,0.001,70,500,1.0,0.0,3,2,5,1,10,551,294,17.5181,44.1172,0.35302,11.2138,37.2351,0.428571
rmse,last,9,0.001,70,500,1.0,0.0,3,2,5,1,10,551,295,17.4579,44.1085,0.353202,10.9417,37.0973,0.442857
rmse,last,9,0.001,70,500,1.0,0.0,3,2,5,1,10,551,296,17.4187,44.1071,0.353643,10.6818,36.9598,0.442857
rmse,last,9,0.001,70,500,1.0,0.0,3,2,5,1,10,551,297,17.3901,44.1104,0.353772,10.448,36.8407,0.442857
rmse,last,9,0.001,70,500,1.0,0.0,3,2,5,1,10,551,298,17.3621,44.1166,0.353565,10.2488,36.7368,0.471429
rmse,last,9,0.001,70,500,1.0,0.0,3,2,5,1,10,551,299,17.3277,44.1244,0.353876,10.0796,36.6378,0.471429
rmse,last,9,0.001,70,500,1.0,0.0,3,2,5,1,10,551,300,17.2825,44.1321,0.353643,9.93056,36.5356,0.471429
rmse,last,9,0.001,70,500,1.0,0.0,3,2,5,1,10,551,-1,16.7186,43.9889,0.36085,18.4364,43.6659,0.357143
rmse,last,9,0.001,70,500,1.0,0.0,3,2,5,1,10,551,301,17.2258,44.1389,0.35398,9.79578,36.4247,0.485714
rmse,last,9,0.001,70,500,1.0,0.0,3,2,5,1,10,551,302,17.1616,44.1463,0.354135,9.67592,36.3032,0.485714
rmse,last,9,0.001,70,500,1.0,0.0,3,2,5,1,10,551,303,17.0966,44.1562,0.354602,9.56687,36.1723,0.485714
rmse,last,9,0.001,70,500,1.0,0.0,3,2,5,1,10,551,304,17.0323,44.1657,0.354317,9.47269,36.0479,0.485714
rmse,last,9,0.001,70,500,1.0,0.0,3,2,5,1,10,551,305,16.9785,44.1757,0.35455,9.37239,35.9317,0.485714
rmse,last,9,0.001,70,500,1.0,0.0,3,2,5,1,10,551,306,16.9401,44.1866,0.354446,9.24033,35.8081,0.485714
rmse,last,9,0.001,70,500,1.0,0.0,3,2,5,1,10,551,307,16.9145,44.1962,0.353643,9.08986,35.677,0.485714
rmse,last,9,0.001,70,500,1.0,0.0,3,2,5,1,10,551,308,16.891,44.1998,0.353254,8.96369,35.5539,0.5
rmse,last,9,0.001,70,500,1.0,0.0,3,2,5,1,10,551,309,16.86,44.195,0.353072,8.84467,35.4475,0.5
rmse,last,9,0.001,70,500,1.0,0.0,3,2,5,1,10,551,310,16.8167,44.1821,0.353539,8.73012,35.3566,0.5
rmse,last,9,0.001,70,500,1.0,0.0,3,2,5,1,10,551,311,16.7602,44.1635,0.353513,8.62593,35.2765,0.5
rmse,last,9,0.001,70,500,1.0,0.0,3,2,5,1,10,551,312,16.6968,44.1446,0.353721,8.53883,35.2033,0.514286
rmse,last,9,0.001,70,500,1.0,0.0,3,2,5,1,10,551,313,16.6425,44.1329,0.353643,8.47136,35.1332,0.5
rmse,last,9,0.001,70,500,1.0,0.0,3,2,5,1,10,551,314,16.6139,44.135,0.353746,8.42261,35.0567,0.5
rmse,last,9,0.001,70,500,1.0,0.0,3,2,5,1,10,551,315,16.6125,44.1501,0.353513,8.39969,34.9752,0.485714
rmse,last,9,0.001,70,500,1.0,0.0,3,2,5,1,10,551,316,16.6145,44.1677,0.353124,8.3863,34.9016,0.485714
rmse,last,9,0.001,70,500,1.0,0.0,3,2,5,1,10,551,317,16.5839,44.171,0.35245,8.32618,34.8171,0.485714
rmse,last,9,0.001,70,500,1.0,0.0,3,2,5,1,10,551,318,16.5419,44.1667,0.352709,8.22511,34.7316,0.485714
rmse,last,9,0.001,70,500,1.0,0.0,3,2,5,1,10,551,319,16.4982,44.1591,0.352865,8.11003,34.6471,0.485714
rmse,last,9,0.001,70,500,1.0,0.0,3,2,5,1,10,551,320,16.4631,44.1546,0.352943,8.01118,34.5685,0.5
rmse,last,9,0.001,70,500,1.0,0.0,3,2,5,1,10,551,321,16.4461,44.1588,0.35258,7.93998,34.4936,0.5
rmse,last,9,0.001,70,500,1.0,0.0,3,2,5,1,10,551,322,16.4469,44.1722,0.352606,7.8918,34.4181,0.5
rmse,last,9,0.001,70,500,1.0,0.0,3,2,5,1,10,551,323,16.4549,44.1885,0.352554,7.86063,34.3429,0.5
rmse,last,9,0.001,70,500,1.0,0.0,3,2,5,1,10,551,324,16.46,44.2022,0.352606,7.83437,34.269,0.528571
rmse,last,9,0.001,70,500,1.0,0.0,3,2,5,1,10,551,325,16.4602,44.2111,0.352735,7.79978,34.1965,0.528571
rmse,last,9,0.001,70,500,1.0,0.0,3,2,5,1,10,551,326,16.459,44.2163,0.352813,7.75507,34.1266,0.528571
rmse,last,9,0.001,70,500,1.0,0.0,3,2,5,1,10,551,327,16.4672,44.2232,0.352917,7.71149,34.0605,0.528571
rmse,last,9,0.001,70,500,1.0,0.0,3,2,5,1,10,551,328,16.484,44.2343,0.353332,7.67826,33.9987,0.528571
rmse,last,9,0.001,70,500,1.0,0.0,3,2,5,1,10,551,329,16.5026,44.2488,0.353409,7.65336,33.9379,0.528571
rmse,last,9,0.001,70,500,1.0,0.0,3,2,5,1,10,551,330,16.5155,44.2628,0.353254,7.62985,33.8764,0.528571
rmse,last,9,0.001,70,500,1.0,0.0,3,2,5,1,10,551,331,16.5212,44.2734,0.353461,7.60076,33.8163,0.542857
rmse,last,9,0.001,70,500,1.0,0.0,3,2,5,1,10,551,332,16.524,44.2796,0.353643,7.55986,33.756,0.542857
rmse,last,9,0.001,70,500,1.0,0.0,3,2,5,1,10,551,333,16.527,44.2826,0.353746,7.50925,33.696,0.542857
rmse,last,9,0.001,70,500,1.0,0.0,3,2,5,1,10,551,334,16.5304,44.2846,0.354213,7.45845,33.6392,0.542857
rmse,last,9,0.001,70,500,1.0,0.0,3,2,5,1,10,551,335,16.534,44.2877,0.354446,7.41381,33.583,0.542857
rmse,last,9,0.001,70,500,1.0,0.0,3,2,5,1,10,551,336,16.5401,44.2926,0.354576,7.37647,33.5274,0.542857
rmse,last,9,0.001,70,500,1.0,0.0,3,2,5,1,10,551,337,16.5554,44.3009,0.355043,7.34239,33.4717,0.542857
rmse,last,9,0.001,70,500,1.0,0.0,3,2,5,1,10,551,338,16.58,44.3122,0.355095,7.30654,33.4143,0.542857
rmse,last,9,0.001,70,500,1.0,0.0,3,2,5,1,10,551,339,16.6049,44.3231,0.35525,7.26881,33.3572,0.542857
rmse,last,9,0.001,70,500,1.0,0.0,3,2,5,1,10,551,340,16.6252,44.3321,0.355406,7.23038,33.2993,0.542857
rmse,last,9,0.001,70,500,1.0,0.0,3,2,5,1,10,551,341,16.6436,44.3395,0.355406,7.19091,33.2421,0.542857
rmse,last,9,0.001,70,500,1.0,0.0,3,2,5,1,10,551,342,16.6648,44.3467,0.355406,7.14972,33.1857,0.542857
rmse,last,9,0.001,70,500,1.0,0.0,3,2,5,1,10,551,343,16.6898,44.3553,0.355406,7.11114,33.1303,0.542857
rmse,last,9,0.001,70,500,1.0,0.0,3,2,5,1,10,551,344,16.7151,44.3657,0.355587,7.07915,33.0753,0.542857
rmse,last,9,0.001,70,500,1.0,0.0,3,2,5,1,10,551,345,16.737,44.3758,0.355484,7.05089,33.0206,0.542857
rmse,last,9,0.001,70,500,1.0,0.0,3,2,5,1,10,551,346,16.7542,44.3824,0.355328,7.0189,32.966,0.542857
rmse,last,9,0.001,70,500,1.0,0.0,3,2,5,1,10,551,347,16.7671,44.3854,0.355769,6.98142,32.9109,0.557143
rmse,last,9,0.001,70,500,1.0,0.0,3,2,5,1,10,551,348,16.7795,44.3887,0.355717,6.94572,32.8563,0.557143
rmse,last,9,0.001,70,500,1.0,0.0,3,2,5,1,10,551,349,16.7953,44.396,0.355198,6.91505,32.8017,0.542857
rmse,last,9,0.001,70,500,1.0,0.0,3,2,5,1,10,551,350,16.8068,44.4019,0.355276,6.88409,32.7476,0.542857
rmse,last,9,0.001,70,500,1.0,0.0,3,2,5,1,10,551,-1,16.2607,44.3266,0.359243,17.3483,43.7684,0.385714
rmse,last,9,0.001,70,500,1.0,0.0,3,2,5,1,10,551,351,16.8137,44.405,0.355095,6.84892,32.693,0.542857
rmse,last,9,0.001,70,500,1.0,0.0,3,2,5,1,10,551,352,16.8239,44.4111,0.355406,6.82099,32.6377,0.542857
rmse,last,9,0.001,70,500,1.0,0.0,3,2,5,1,10,551,353,16.8382,44.4215,0.355665,6.80086,32.5813,0.542857
rmse,last,9,0.001,70,500,1.0,0.0,3,2,5,1,10,551,354,16.85,44.4296,0.355432,6.7759,32.5239,0.542857
rmse,last,9,0.001,70,500,1.0,0.0,3,2,5,1,10,551,355,16.8643,44.439,0.355509,6.75307,32.4677,0.542857
rmse,last,9,0.001,70,500,1.0,0.0,3,2,5,1,10,551,356,16.8784,44.4506,0.35525,6.738,32.4121,0.557143
rmse,last,9,0.001,70,500,1.0,0.0,3,2,5,1,10,551,357,16.886,44.4574,0.355484,6.71545,32.3567,0.557143
rmse,last,9,0.001,70,500,1.0,0.0,3,2,5,1,10,551,358,16.89,44.4616,0.355172,6.68931,32.3012,0.557143
rmse,last,9,0.001,70,500,1.0,0.0,3,2,5,1,10,551,359,16.8961,44.4673,0.355432,6.66832,32.246,0.557143
rmse,last,9,0.001,70,500,1.0,0.0,3,2,5,1,10,551,360,16.9005,44.4695,0.354965,6.63448,32.1914,0.542857
rmse,last,9,0.001,70,500,1.0,0.0,3,2,5,1,10,551,361,16.915,44.4803,0.354887,6.61785,32.1377,0.542857
rmse,last,9,0.001,70,500,1.0,0.0,3,2,5,1,10,551,362,16.9221,44.4816,0.354576,6.56474,32.0907,0.557143
rmse,last,9,0.001,70,500,1.0,0.0,3,2,5,1,10,551,363,16.9464,44.503,0.35525,6.5795,32.0408,0.571429
rmse,last,9,0.001,70,500,1.0,0.0,3,2,5,1,10,551,364,16.9313,44.4842,0.354239,6.46758,32.0508,0.571429
rmse,last,9,0.001,70,500,1.0,0.0,3,2,5,1,10,551,365,16.9717,44.5037,0.35398,6.4399,31.9833,0.571429
rmse,last,9,0.001,70,500,1.0,0.0,3,2,5,1,10,551,366,17.0247,44.5455,0.354187,6.52296,31.9248,0.571429
rmse,last,9,0.001,70,500,1.0,0.0,3,2,5,1,10,551,367,16.7702,44.4272,0.35595,6.63467,32.2134,0.542857
rmse,last,9,0.001,70,500,1.0,0.0,3,2,5,1,10,551,368,16.6912,44.39,0.355302,6.77974,32.5115,0.528571
rmse,last,9,0.001,70,500,1.0,0.0,3,2,5,1,10,551,369,16.8799,44.4669,0.354628,6.55234,31.9968,0.528571
rmse,last,9,0.001,70,500,1.0,0.0,3,2,5,1,10,551,370,17.0776,44.5686,0.35468,6.44518,31.8896,0.571429
rmse,last,9,0.001,70,500,1.0,0.0,3,2,5,1,10,551,371,17.2066,44.6749,0.355095,7.06796,32.3346,0.557143
rmse,last,9,0.001,70,500,1.0,0.0,3,2,5,1,10,551,372,17.144,44.6023,0.355665,6.44146,31.8706,0.585714
rmse,last,9,0.001,70,500,1.0,0.0,3,2,5,1,10,551,373,17.0435,44.5478,0.355458,6.3993,31.8123,0.557143
rmse,last,9,0.001,70,500,1.0,0.0,3,2,5,1,10,551,374,16.9785,44.5153,0.356184,6.45185,31.8409,0.585714
rmse,last,9,0.001,70,500,1.0,0.0,3,2,5,1,10,551,375,16.9422,44.5075,0.356417,6.49229,31.8533,0.571429
rmse,last,9,0.001,70,500,1.0,0.0,3,2,5,1,10,551,376,16.9697,44.5284,0.356961,6.49741,31.8203,0.571429
rmse,last,9,0.001,70,500,1.0,0.0,3,2,5,1,10,551,377,17.0458,44.5659,0.357091,6.44286,31.7128,0.571429
rmse,last,9,0.001,70,500,1.0,0.0,3,2,5,1,10,551,378,17.1627,44.6215,0.356184,6.32282,31.5632,0.571429
rmse,last,9,0.001,70,500,1.0,0.0,3,2,5,1,10,551,379,17.2966,44.6858,0.35595,6.21244,31.4973,0.585714
rmse,last,9,0.001,70,500,1.0,0.0,3,2,5,1,10,551,380,17.4465,44.7679,0.355872,6.1489,31.4332,0.585714
rmse,last,9,0.001,70,500,1.0,0.0,3,2,5,1,10,551,381,17.5594,44.8577,0.354913,6.16799,31.4599,0.585714
rmse,last,9,0.001,70,500,1.0,0.0,3,2,5,1,10,551,382,17.591,44.884,0.354991,6.24009,31.3908,0.6
rmse,last,9,0.001,70,500,1.0,0.0,3,2,5,1,10,551,383,17.5882,44.8614,0.355587,6.20789,31.2837,0.585714
rmse,last,9,0.001,70,500,1.0,0.0,3,2,5,1,10,551,384,17.5465,44.8118,0.356106,6.16533,31.1485,0.585714
rmse,last,9,0.001,70,500,1.0,0.0,3,2,5,1,10,551,385,17.4643,44.7397,0.356572,6.13495,31.0965,0.585714
rmse,last,9,0.001,70,500,1.0,0.0,3,2,5,1,10,551,386,17.393,44.6996,0.356806,6.12409,31.0859,0.6
rmse,last,9,0.001,70,500,1.0,0.0,3,2,5,1,10,551,387,17.3827,44.6991,0.35678,6.09707,31.0374,0.585714
rmse,last,9,0.001,70,500,1.0,0.0,3,2,5,1,10,551,388,17.4395,44.7395,0.357195,6.00833,30.9521,0.585714
rmse,last,9,0.001,70,500,1.0,0.0,3,2,5,1,10,551,389,17.5224,44.7951,0.356547,5.93891,30.8398,0.571429
rmse,last,9,0.001,70,500,1.0,0.0,3,2,5,1,10,551,390,17.6027,44.8367,0.356572,5.84428,30.7977,0.585714
rmse,last,9,0.001,70,500,1.0,0.0,3,2,5,1,10,551,391,17.6414,44.8566,0.356469,5.71029,30.7706,0.585714
rmse,last,9,0.001,70,500,1.0,0.0,3,2,5,1,10,551,392,17.6522,44.8593,0.357039,5.60178,30.7454,0.585714
rmse,last,9,0.001,70,500,1.0,0.0,3,2,5,1,10,551,393,17.6633,44.8592,0.356572,5.55384,30.6735,0.585714
rmse,last,9,0.001,70,500,1.0,0.0,3,2,5,1,10,551,394,17.6502,44.8516,0.356339,5.5352,30.5859,0.585714
rmse,last,9,0.001,70,500,1.0,0.0,3,2,5,1,10,551,395,17.6335,44.8476,0.357195,5.5236,30.5434,0.585714
rmse,last,9,0.001,70,500,1.0,0.0,3,2,5,1,10,551,396,17.6189,44.8423,0.356754,5.48138,30.5302,0.6
rmse,last,9,0.001,70,500,1.0,0.0,3,2,5,1,10,551,397,17.6164,44.8369,0.357065,5.40331,30.4791,0.6
rmse,last,9,0.001,70,500,1.0,0.0,3,2,5,1,10,551,398,17.6457,44.8489,0.357195,5.29696,30.4081,0.614286
rmse,last,9,0.001,70,500,1.0,0.0,3,2,5,1,10,551,399,17.6844,44.8663,0.357273,5.22652,30.3775,0.628571
rmse,last,9,0.001,70,500,1.0,0.0,3,2,5,1,10,551,400,17.6885,44.857,0.35678,5.23453,30.3519,0.628571
rmse,last,9,0.001,70,500,1.0,0.0,3,2,5,1,10,551,-1,17.2603,44.768,0.353461,18.2781,43.4884,0.342857
rmse,last,9,0.001,70,500,1.0,0.0,3,2,5,1,10,551,401,17.6844,44.8566,0.357143,5.21137,30.2982,0.628571
rmse,last,9,0.001,70,500,1.0,0.0,3,2,5,1,10,551,402,17.6952,44.8776,0.357247,5.2471,30.2513,0.628571
rmse,last,9,0.001,70,500,1.0,0.0,3,2,5,1,10,551,403,17.6703,44.863,0.357817,5.163,30.2044,0.628571
rmse,last,9,0.001,70,500,1.0,0.0,3,2,5,1,10,551,404,17.6468,44.8502,0.358387,5.18086,30.1936,0.628571
rmse,last,9,0.001,70,500,1.0,0.0,3,2,5,1,10,551,405,17.7352,44.9032,0.357143,5.29299,30.1387,0.614286
rmse,last,9,0.001,70,500,1.0,0.0,3,2,5,1,10,551,406,17.7777,44.9245,0.356391,5.27798,30.1066,0.614286
rmse,last,9,0.001,70,500,1.0,0.0,3,2,5,1,10,551,407,17.7694,44.8964,0.357117,5.11595,30.0723,0.628571
rmse,last,9,0.001,70,500,1.0,0.0,3,2,5,1,10,551,408,17.7466,44.8758,0.357169,5.08039,30.0824,0.628571
rmse,last,9,0.001,70,500,1.0,0.0,3,2,5,1,10,551,409,17.776,44.9089,0.35691,5.19457,29.9826,0.628571
rmse,last,9,0.001,70,500,1.0,0.0,3,2,5,1,10,551,410,17.7521,44.9176,0.357195,5.15109,30.002,0.6
rmse,last,9,0.001,70,500,1.0,0.0,3,2,5,1,10,551,411,17.7433,44.9113,0.356754,5.13486,29.9815,0.6
rmse,last,9,0.001,70,500,1.0,0.0,3,2,5,1,10,551,412,17.7557,44.9019,0.356728,5.01796,29.8792,0.614286
rmse,last,9,0.001,70,500,1.0,0.0,3,2,5,1,10,551,413,17.7974,44.9053,0.356572,4.90106,29.8575,0.628571
rmse,last,9,0.001,70,500,1.0,0.0,3,2,5,1,10,551,414,17.8395,44.9318,0.356754,4.90515,29.8382,0.628571
rmse,last,9,0.001,70,500,1.0,0.0,3,2,5,1,10,551,415,17.8355,44.9094,0.356235,5.0715,29.8283,0.628571
rmse,last,9,0.001,70,500,1.0,0.0,3,2,5,1,10,551,416,17.8414,44.9411,0.35691,5.05025,29.7519,0.628571
rmse,last,9,0.001,70,500,1.0,0.0,3,2,5,1,10,551,417,17.8311,44.9427,0.356935,5.04775,29.7693,0.614286
rmse,last,9,0.001,70,500,1.0,0.0,3,2,5,1,10,551,418,17.8122,44.9157,0.356702,4.99576,29.7026,0.614286
rmse,last,9,0.001,70,500,1.0,0.0,3,2,5,1,10,551,419,17.8191,44.8899,0.356391,4.77042,29.643,0.628571
rmse,last,9,0.001,70,500,1.0,0.0,3,2,5,1,10,551,420,17.8479,44.8973,0.35691,4.64445,29.6084,0.628571
rmse,last,9,0.001,70,500,1.0,0.0,3,2,5,1,10,551,421,17.8732,44.9349,0.357013,4.66013,29.6457,0.642857
rmse,last,9,0.001,70,500,1.0,0.0,3,2,5,1,10,551,422,17.7567,44.8536,0.358206,4.75506,29.6562,0.614286
rmse,last,9,0.001,70,500,1.0,0.0,3,2,5,1,10,551,423,17.7183,44.8466,0.358128,4.73587,29.9439,0.628571
rmse,last,9,0.001,70,500,1.0,0.0,3,2,5,1,10,551,424,18.0621,45.0521,0.357091,5.5097,30.4116,0.614286
rmse,last,9,0.001,70,500,1.0,0.0,3,2,5,1,10,551,425,18.2675,45.2553,0.354861,8.27435,33.9793,0.542857
rmse,last,9,0.001,70,500,1.0,0.0,3,2,5,1,10,551,426,18.3752,45.3488,0.353591,8.96003,35.0124,0.585714
rmse,last,9,0.001,70,500,1.0,0.0,3,2,5,1,10,551,427,18.3895,45.3693,0.351957,9.3357,35.3207,0.585714
rmse,last,9,0.001,70,500,1.0,0.0,3,2,5,1,10,551,428,18.3888,45.3753,0.352191,8.9195,34.6833,0.6
rmse,last,9,0.001,70,500,1.0,0.0,3,2,5,1,10,551,429,18.3384,45.3505,0.354239,8.3258,34.0427,0.614286
rmse,last,9,0.001,70,500,1.0,0.0,3,2,5,1,10,551,430,18.2455,45.3241,0.354446,7.48847,33.1963,0.585714
rmse,last,9,0.001,70,500,1.0,0.0,3,2,5,1,10,551,431,18.23,45.3123,0.354913,7.58198,32.6529,0.585714
rmse,last,9,0.001,70,500,1.0,0.0,3,2,5,1,10,551,432,18.0885,45.1967,0.354109,7.40242,32.1293,0.642857
rmse,last,9,0.001,70,500,1.0,0.0,3,2,5,1,10,551,433,17.8054,44.9539,0.353746,6.99721,31.5651,0.571429
rmse,last,9,0.001,70,500,1.0,0.0,3,2,5,1,10,551,434,17.5241,44.8035,0.358491,7.00032,32.0894,0.585714
rmse,last,9,0.001,70,500,1.0,0.0,3,2,5,1,10,551,435,17.4713,44.7759,0.35678,7.58905,33.0296,0.571429
rmse,last,9,0.001,70,500,1.0,0.0,3,2,5,1,10,551,436,17.414,44.7477,0.357013,7.68983,33.3921,0.542857
rmse,last,9,0.001,70,500,1.0,0.0,3,2,5,1,10,551,437,17.2895,44.7429,0.357687,7.13417,33.0554,0.557143
rmse,last,9,0.001,70,500,1.0,0.0,3,2,5,1,10,551,438,17.2781,44.7819,0.35888,7.80265,33.9826,0.542857
rmse,last,9,0.001,70,500,1.0,0.0,3,2,5,1,10,551,439,17.3708,44.8257,0.36028,8.75182,34.6598,0.528571
rmse,last,9,0.001,70,500,1.0,0.0,3,2,5,1,10,551,440,17.6811,44.9799,0.360047,9.27875,35.1821,0.471429
rmse,last,9,0.001,70,500,1.0,0.0,3,2,5,1,10,551,441,17.9069,45.1059,0.358569,8.98334,34.9247,0.5
rmse,last,9,0.001,70,500,1.0,0.0,3,2,5,1,10,551,442,18.0631,45.149,0.36028,8.22822,34.4044,0.542857
rmse,last,9,0.001,70,500,1.0,0.0,3,2,5,1,10,551,443,18.1378,45.091,0.361239,7.51027,33.3191,0.571429
rmse,last,9,0.001,70,500,1.0,0.0,3,2,5,1,10,551,444,18.2424,45.0424,0.363962,7.3102,32.743,0.614286
rmse,last,9,0.001,70,500,1.0,0.0,3,2,5,1,10,551,445,18.4056,44.9985,0.360254,6.99613,32.5331,0.642857
rmse,last,9,0.001,70,500,1.0,0.0,3,2,5,1,10,551,446,18.6528,45.0185,0.357558,7.73076,32.8821,0.557143
rmse,last,9,0.001,70,500,1.0,0.0,3,2,5,1,10,551,447,18.7697,45.1155,0.359061,7.06223,32.1022,0.557143
rmse,last,9,0.001,70,500,1.0,0.0,3,2,5,1,10,551,448,18.8856,45.209,0.35525,7.3314,31.9645,0.6
rmse,last,9,0.001,70,500,1.0,0.0,3,2,5,1,10,551,449,18.703,45.0807,0.358595,7.07499,31.5219,0.542857
rmse,last,9,0.001,70,500,1.0,0.0,3,2,5,1,10,551,450,18.6942,45.0548,0.35761,7.10517,31.4905,0.6
rmse,last,9,0.001,70,500,1.0,0.0,3,2,5,1,10,551,-1,18.2241,45.0561,0.351361,20.0465,44.9993,0.342857
rmse,last,9,0.001,70,500,1.0,0.0,3,2,5,1,10,551,451,18.5769,45.0068,0.357013,6.9324,31.585,0.585714
rmse,last,9,0.001,70,500,1.0,0.0,3,2,5,1,10,551,452,18.467,44.9917,0.358491,6.82224,31.521,0.6
rmse,last,9,0.001,70,500,1.0,0.0,3,2,5,1,10,551,453,18.3917,44.9863,0.358932,6.89705,31.5943,0.6
rmse,last,9,0.001,70,500,1.0,0.0,3,2,5,1,10,551,454,18.3566,44.9827,0.35831,6.88809,31.5232,0.585714
rmse,last,9,0.001,70,500,1.0,0.0,3,2,5,1,10,551,455,18.3606,44.9787,0.35805,6.80766,31.2796,0.6
rmse,last,9,0.001,70,500,1.0,0.0,3,2,5,1,10,551,456,18.3822,44.9774,0.357532,6.76424,31.1154,0.585714
rmse,last,9,0.001,70,500,1.0,0.0,3,2,5,1,10,551,457,18.3957,44.9736,0.357895,6.73981,30.9847,0.585714
rmse,last,9,0.001,70,500,1.0,0.0,3,2,5,1,10,551,458,18.3843,44.9963,0.357584,6.5988,30.859,0.6
rmse,last,9,0.001,70,500,1.0,0.0,3,2,5,1,10,551,459,18.3762,45.0112,0.357195,6.46477,30.803,0.585714
rmse,last,9,0.001,70,500,1.0,0.0,3,2,5,1,10,551,460,18.3685,45.0214,0.357454,6.29739,30.7416,0.585714
rmse,last,9,0.001,70,500,1.0,0.0,3,2,5,1,10,551,461,18.3694,45.0266,0.357739,6.11627,30.5992,0.6
rmse,last,9,0.001,70,500,1.0,0.0,3,2,5,1,10,551,462,18.3866,45.0548,0.356884,6.07295,30.45,0.642857
rmse,last,9,0.001,70,500,1.0,0.0,3,2,5,1,10,551,463,18.4063,45.0673,0.356935,6.0222,30.4154,0.642857
rmse,last,9,0.001,70,500,1.0,0.0,3,2,5,1,10,551,464,18.4316,45.0829,0.357921,5.93659,30.3175,0.628571
rmse,last,9,0.001,70,500,1.0,0.0,3,2,5,1,10,551,465,18.4314,45.0985,0.356702,5.82231,30.2062,0.614286
rmse,last,9,0.001,70,500,1.0,0.0,3,2,5,1,10,551,466,18.3993,45.0923,0.35595,5.70736,30.1128,0.628571
rmse,last,9,0.001,70,500,1.0,0.0,3,2,5,1,10,551,467,18.3699,45.0801,0.355665,5.65563,30.0456,0.628571
rmse,last,9,0.001,70,500,1.0,0.0,3,2,5,1,10,551,468,18.3604,45.0816,0.355717,5.60023,29.9639,0.642857
rmse,last,9,0.001,70,500,1.0,0.0,3,2,5,1,10,551,469,18.3626,45.0919,0.355613,5.56507,29.8953,0.642857
rmse,last,9,0.001,70,500,1.0,0.0,3,2,5,1,10,551,470,18.3831,45.1084,0.355432,5.52918,29.8143,0.628571
rmse,last,9,0.001,70,500,1.0,0.0,3,2,5,1,10,551,471,18.4107,45.1204,0.356002,5.49233,29.7064,0.642857
rmse,last,9,0.001,70,500,1.0,0.0,3,2,5,1,10,551,472,18.4267,45.137,0.356676,5.48059,29.6086,0.628571
rmse,last,9,0.001,70,500,1.0,0.0,3,2,5,1,10,551,473,18.4329,45.1437,0.356858,5.50706,29.5298,0.614286
rmse,last,9,0.001,70,500,1.0,0.0,3,2,5,1,10,551,474,18.4518,45.1608,0.357013,5.55718,29.4817,0.614286
rmse,last,9,0.001,70,500,1.0,0.0,3,2,5,1,10,551,475,18.4685,45.1933,0.357247,5.58321,29.4379,0.614286
rmse,last,9,0.001,70,500,1.0,0.0,3,2,5,1,10,551,476,18.4623,45.1966,0.35665,5.53403,29.3419,0.614286
rmse,last,9,0.001,70,500,1.0,0.0,3,2,5,1,10,551,477,18.4401,45.1843,0.356002,5.47774,29.2778,0.614286
rmse,last,9,0.001,70,500,1.0,0.0,3,2,5,1,10,551,478,18.4425,45.1823,0.355821,5.42278,29.2874,0.614286
rmse,last,9,0.001,70,500,1.0,0.0,3,2,5,1,10,551,479,18.4308,45.1761,0.355924,5.3867,29.1945,0.628571
rmse,last,9,0.001,70,500,1.0,0.0,3,2,5,1,10,551,480,18.4252,45.1796,0.356547,5.37911,29.1488,0.642857
rmse,last,9,0.001,70,500,1.0,0.0,3,2,5,1,10,551,481,18.4396,45.1871,0.356287,5.34977,29.0589,0.628571
rmse,last,9,0.001,70,500,1.0,0.0,3,2,5,1,10,551,482,18.434,45.188,0.355224,5.32487,28.9738,0.657143
rmse,last,9,0.001,70,500,1.0,0.0,3,2,5,1,10,551,483,18.4308,45.1985,0.356002,5.28037,28.9341,0.671429
rmse,last,9,0.001,70,500,1.0,0.0,3,2,5,1,10,551,484,18.4457,45.2105,0.35595,5.17034,28.9046,0.671429
rmse,last,9,0.001,70,500,1.0,0.0,3,2,5,1,10,551,485,18.4661,45.2207,0.355535,5.01866,28.8704,0.671429
rmse,last,9,0.001,70,500,1.0,0.0,3,2,5,1,10,551,486,18.4918,45.2327,0.356028,4.93412,28.8634,0.7
rmse,last,9,0.001,70,500,1.0,0.0,3,2,5,1,10,551,487,18.469,45.1989,0.357195,5.01476,28.8743,0.671429
rmse,last,9,0.001,70,500,1.0,0.0,3,2,5,1,10,551,488,18.4153,45.1704,0.357765,4.8593,28.7814,0.685714
rmse,last,9,0.001,70,500,1.0,0.0,3,2,5,1,10,551,489,18.3792,45.1485,0.357998,4.83578,28.7766,0.671429
rmse,last,9,0.001,70,500,1.0,0.0,3,2,5,1,10,551,490,18.3618,45.1262,0.358258,4.82552,28.7856,0.657143
rmse,last,9,0.001,70,500,1.0,0.0,3,2,5,1,10,551,491,18.365,45.1302,0.35818,4.81601,28.733,0.671429
rmse,last,9,0.001,70,500,1.0,0.0,3,2,5,1,10,551,492,18.3689,45.1424,0.358076,4.80529,28.6604,0.671429
rmse,last,9,0.001,70,500,1.0,0.0,3,2,5,1,10,551,493,18.3863,45.1711,0.35818,4.80579,28.6271,0.671429
rmse,last,9,0.001,70,500,1.0,0.0,3,2,5,1,10,551,494,18.4203,45.2001,0.357869,4.81932,28.5872,0.657143
rmse,last,9,0.001,70,500,1.0,0.0,3,2,5,1,10,551,495,18.4637,45.2178,0.357817,4.84381,28.5579,0.657143
rmse,last,9,0.001,70,500,1.0,0.0,3,2,5,1,10,551,496,18.4983,45.2346,0.357661,4.86409,28.5372,0.657143
rmse,last,9,0.001,70,500,1.0,0.0,3,2,5,1,10,551,497,18.5294,45.2585,0.357273,4.85304,28.5113,0.657143
rmse,last,9,0.001,70,500,1.0,0.0,3,2,5,1,10,551,498,18.5379,45.2671,0.357584,4.81342,28.478,0.657143
rmse,last,9,0.001,70,500,1.0,0.0,3,2,5,1,10,551,499,18.5261,45.263,0.357324,4.78729,28.4521,0.657143
rmse,last,9,0.001,70,500,1.0,0.0,3,2,5,1,10,551,0,18.5924,45.5153,0.350557,20.0986,45.6212,0.328571
rmse,last,9,0.001,70,500,1.0,0.0,3,2,5,1,10,551,1,18.6068,45.4838,0.352035,20.0161,45.5053,0.314286
rmse,last,9,0.001,70,500,1.0,0.0,3,2,5,1,10,551,2,18.5953,45.4433,0.353306,20.138,45.3885,0.314286
rmse,last,9,0.001,70,500,1.0,0.0,3,2,5,1,10,551,3,18.609,45.4354,0.351957,19.8458,45.1789,0.314286
rmse,last,9,0.001,70,500,1.0,0.0,3,2,5,1,10,551,4,18.6186,45.4223,0.351802,19.42,44.6242,0.314286
rmse,last,9,0.001,70,500,1.0,0.0,3,2,5,1,10,551,5,18.5771,45.3859,0.354058,18.8372,44.1687,0.314286
rmse,last,9,0.001,70,500,1.0,0.0,3,2,5,1,10,551,6,18.5498,45.3454,0.354628,17.6775,43.4349,0.328571
rmse,last,9,0.001,70,500,1.0,0.0,3,2,5,1,10,551,7,18.3724,45.2245,0.357428,17.9168,42.9501,0.314286
rmse,last,9,0.001,70,500,1.0,0.0,3,2,5,1,10,551,8,18.1205,45.0574,0.359347,17.1074,42.6914,0.385714
rmse,last,9,0.001,70,500,1.0,0.0,3,2,5,1,10,551,9,17.8045,44.927,0.361343,17.3378,42.6204,0.357143
rmse,last,9,0.001,70,500,1.0,0.0,3,2,5,1,10,551,10,17.6396,44.8737,0.360047,17.469,42.8179,0.357143
rmse,last,9,0.001,70,500,1.0,0.0,3,2,5,1,10,551,11,17.5319,44.816,0.360021,17.2537,42.8636,0.357143
rmse,last,9,0.001,70,500,1.0,0.0,3,2,5,1,10,551,12,17.5963,44.8408,0.358413,16.9485,42.7575,0.385714
rmse,last,9,0.001,70,500,1.0,0.0,3,2,5,1,10,551,13,17.7542,44.8939,0.357273,16.7248,42.3824,0.371429
rmse,last,9,0.001,70,500,1.0,0.0,3,2,5,1,10,551,14,17.9059,44.9425,0.357843,16.6323,42.0617,0.385714
rmse,last,9,0.001,70,500,1.0,0.0,3,2,5,1,10,551,15,18.1059,45.0021,0.358076,16.4925,41.7919,0.385714
rmse,last,9,0.001,70,500,1.0,0.0,3,2,5,1,10,551,16,18.3152,45.089,0.355587,16.45,41.63,0.414286
rmse,last,9,0.001,70,500,1.0,0.0,3,2,5,1,10,551,17,18.4857,45.1955,0.355276,16.4786,41.5994,0.428571
rmse,last,9,0.001,70,500,1.0,0.0,3,2,5,1,10,551,18,18.6053,45.2498,0.352087,16.2713,41.4095,0.385714
rmse,last,9,0.001,70,500,1.0,0.0,3,2,5,1,10,551,19,18.5923,45.23,0.351698,15.8195,41.0462,0.4
rmse,last,9,0.001,70,500,1.0,0.0,3,2,5,1,10,551,20,18.5704,45.2247,0.351413,15.6467,40.9055,0.414286
rmse,last,9,0.001,70,500,1.0,0.0,3,2,5,1,10,551,21,18.5611,45.2424,0.350376,15.4608,40.7512,0.414286
rmse,last,9,0.001,70,500,1.0,0.0,3,2,5,1,10,551,22,18.5491,45.2666,0.349468,15.2541,40.7027,0.414286
rmse,last,9,0.001,70,500,1.0,0.0,3,2,5,1,10,551,23,18.5149,45.2619,0.349806,15.0564,40.6305,0.428571
rmse,last,9,0.001,70,500,1.0,0.0,3,2,5,1,10,551,24,18.4485,45.2305,0.349287,14.9729,40.4961,0.428571
rmse,last,9,0.001,70,500,1.0,0.0,3,2,5,1,10,551,25,18.414,45.2083,0.348406,14.8972,40.4163,0.428571
rmse,last,9,0.001,70,500,1.0,0.0,3,2,5,1,10,551,26,18.3996,45.1899,0.348406,14.7792,40.2595,0.428571
rmse,last,9,0.001,70,500,1.0,0.0,3,2,5,1,10,551,27,18.3857,45.1627,0.348846,14.5022,40.0484,0.428571
rmse,last,9,0.001,70,500,1.0,0.0,3,2,5,1,10,551,28,18.3859,45.1416,0.349339,14.4595,39.9032,0.428571
rmse,last,9,0.001,70,500,1.0,0.0,3,2,5,1,10,551,29,18.4224,45.1532,0.349235,14.2427,39.7589,0.428571
rmse,last,9,0.001,70,500,1.0,0.0,3,2,5,1,10,551,30,18.4897,45.1851,0.347913,14.0454,39.634,0.428571
rmse,last,9,0.001,70,500,1.0,0.0,3,2,5,1,10,551,31,18.5533,45.2181,0.34825,14.0169,39.5668,0.414286
rmse,last,9,0.001,70,500,1.0,0.0,3,2,5,1,10,551,32,18.5852,45.2367,0.348146,14.002,39.5154,0.414286
rmse,last,9,0.001,70,500,1.0,0.0,3,2,5,1,10,551,33,18.5856,45.2335,0.347887,13.9391,39.4379,0.414286
rmse,last,9,0.001,70,500,1.0,0.0,3,2,5,1,10,551,34,18.539,45.2068,0.34882,13.8502,39.3402,0.414286
rmse,last,9,0.001,70,500,1.0,0.0,3,2,5,1,10,551,35,18.473,45.1749,0.349961,13.7989,39.2637,0.428571
rmse,last,9,0.001,70,500,1.0,0.0,3,2,5,1,10,551,36,18.4329,45.1504,0.350428,13.7366,39.1798,0.428571
rmse,last,9,0.001,70,500,1.0,0.0,3,2,5,1,10,551,37,18.4282,45.1505,0.350169,13.6738,39.0819,0.442857
rmse,last,9,0.001,70,500,1.0,0.0,3,2,5,1,10,551,38,18.4472,45.1669,0.349546,13.6172,38.9788,0.442857
rmse,last,9,0.001,70,500,1.0,0.0,3,2,5,1,10,551,39,18.4732,45.1887,0.34825,13.5367,38.8959,0.442857
rmse,last,9,0.001,70,500,1.0,0.0,3,2,5,1,10,551,40,18.4885,45.1978,0.348561,13.446,38.8107,0.442857
rmse,last,9,0.001,70,500,1.0,0.0,3,2,5,1,10,551,41,18.4816,45.2038,0.348146,13.3368,38.7369,0.428571
rmse,last,9,0.001,70,500,1.0,0.0,3,2,5,1,10,551,42,18.4377,45.1917,0.348276,13.1983,38.6528,0.442857
rmse,last,9,0.001,70,500,1.0,0.0,3,2,5,1,10,551,43,18.3877,45.1744,0.348717,13.0742,38.5854,0.442857
rmse,last,9,0.001,70,500,1.0,0.0,3,2,5,1,10,551,44,18.3493,45.164,0.348898,12.9713,38.5267,0.442857
rmse,last,9,0.001,70,500,1.0,0.0,3,2,5,1,10,551,45,18.335,45.1623,0.349131,12.8709,38.462,0.442857
rmse,last,9,0.001,70,500,1.0,0.0,3,2,5,1,10,551,46,18.342,45.1695,0.348768,12.7605,38.3851,0.442857
rmse,last,9,0.001,70,500,1.0,0.0,3,2,5,1,10,551,47,18.3657,45.1844,0.349183,12.653,38.3065,0.428571
rmse,last,9,0.001,70,500,1.0,0.0,3,2,5,1,10,551,48,18.3881,45.1983,0.349106,12.558,38.2346,0.428571
rmse,last,9,0.001,70,500,1.0,0.0,3,2,5,1,10,551,49,18.3997,45.2055,0.349157,12.4445,38.1653,0.428571
rmse,last,9,0.001,70,500,1.0,0.0,3,2,5,1,10,551,50,18.3986,45.2056,0.349417,12.2856,38.101,0.428571
rmse,last,9,0.001,70,500,1.0,0.0,3,2,5,1,10,551,-1,18.025,45.0667,0.352865,19.7955,45.1122,0.271429
rmse,last,9,0.001,70,500,1.0,0.0,3,2,5,1,10,551,51,18.3935,45.2065,0.349624,12.1629,38.0316,0.428571
rmse,last,9,0.001,70,500,1.0,0.0,3,2,5,1,10,551,52,18.3931,45.2132,0.349857,12.1147,37.9517,0.428571
rmse,last,9,0.001,70,500,1.0,0.0,3,2,5,1,10,551,53,18.3807,45.2148,0.350194,12.0204,37.8806,0.428571
rmse,last,9,0.001,70,500,1.0,0.0,3,2,5,1,10,551,54,18.2886,45.176,0.351387,11.8282,37.8107,0.442857
rmse,last,9,0.001,70,500,1.0,0.0,3,2,5,1,10,551,55,18.2426,45.1588,0.352009,11.6967,37.7507,0.442857
rmse,last,9,0.001,70,500,1.0,0.0,3,2,5,1,10,551,56,18.2552,45.1707,0.351724,11.6404,37.6454,0.442857
rmse,last,9,0.001,70,500,1.0,0.0,3,2,5,1,10,551,57,18.2894,45.1887,0.351595,11.5682,37.5413,0.457143
rmse,last,9,0.001,70,500,1.0,0.0,3,2,5,1,10,551,58,18.324,45.2051,0.351076,11.4747,37.4423,0.457143
rmse,last,9,0.001,70,500,1.0,0.0,3,2,5,1,10,551,59,18.3414,45.2118,0.351335,11.3835,37.3596,0.457143
rmse,last,9,0.001,70,500,1.0,0.0,3,2,5,1,10,551,60,18.3367,45.2048,0.350635,11.2627,37.2644,0.457143
rmse,last,9,0.001,70,500,1.0,0.0,3,2,5,1,10,551,61,18.285,45.1871,0.350506,11.051,37.1156,0.457143
rmse,last,9,0.001,70,500,1.0,0.0,3,2,5,1,10,551,62,18.2285,45.1747,0.35105,10.9054,37.0131,0.471429
rmse,last,9,0.001,70,500,1.0,0.0,3,2,5,1,10,551,63,18.2246,45.1838,0.350998,10.7739,36.8954,0.471429
rmse,last,9,0.001,70,500,1.0,0.0,3,2,5,1,10,551,64,18.2582,45.2071,0.350946,10.6978,36.7611,0.471429
rmse,last,9,0.001,70,500,1.0,0.0,3,2,5,1,10,551,65,18.3077,45.2362,0.350272,10.663,36.6924,0.471429
rmse,last,9,0.001,70,500,1.0,0.0,3,2,5,1,10,551,66,18.343,45.2643,0.349624,10.587,36.6112,0.471429
rmse,last,9,0.001,70,500,1.0,0.0,3,2,5,1,10,551,67,18.3545,45.2822,0.34908,10.5147,36.5599,0.471429
rmse,last,9,0.001,70,500,1.0,0.0,3,2,5,1,10,551,68,18.3296,45.2747,0.349365,10.457,36.494,0.471429
rmse,last,9,0.001,70,500,1.0,0.0,3,2,5,1,10,551,69,18.2951,45.2543,0.348898,10.3792,36.3947,0.471429
rmse,last,9,0.001,70,500,1.0,0.0,3,2,5,1,10,551,70,18.2863,45.2479,0.348665,10.354,36.4261,0.471429
rmse,last,9,0.001,70,500,1.0,0.0,3,2,5,1,10,551,71,18.2389,45.2252,0.350324,10.1707,36.2931,0.471429
rmse,last,9,0.001,70,500,1.0,0.0,3,2,5,1,10,551,72,18.2458,45.2274,0.350506,10.1493,36.2556,0.457143
rmse,last,9,0.001,70,500,1.0,0.0,3,2,5,1,10,551,73,18.2844,45.2477,0.34965,10.1592,36.244,0.457143
rmse,last,9,0.001,70,500,1.0,0.0,3,2,5,1,10,551,74,18.294,45.2493,0.349494,10.219,36.1513,0.471429
rmse,last,9,0.001,70,500,1.0,0.0,3,2,5,1,10,551,75,18.3056,45.2581,0.34895,10.2276,36.0961,0.471429
rmse,last,9,0.001,70,500,1.0,0.0,3,2,5,1,10,551,76,18.3211,45.2694,0.349313,10.2324,36.0444,0.485714
rmse,last,9,0.001,70,500,1.0,0.0,3,2,5,1,10,551,77,18.3425,45.2849,0.349494,10.2067,35.9712,0.485714
rmse,last,9,0.001,70,500,1.0,0.0,3,2,5,1,10,551,78,18.3267,45.2826,0.350169,10.1046,35.856,0.485714
rmse,last,9,0.001,70,500,1.0,0.0,3,2,5,1,10,551,79,18.3267,45.2862,0.350065,10.0849,35.7959,0.485714
rmse,last,9,0.001,70,500,1.0,0.0,3,2,5,1,10,551,80,18.354,45.2997,0.349806,10.1627,35.8497,0.485714
rmse,last,9,0.001,70,500,1.0,0.0,3,2,5,1,10,551,81,18.332,45.2906,0.350169,10.1029,35.8386,0.471429
rmse,last,9,0.001,70,500,1.0,0.0,3,2,5,1,10,551,82,18.3196,45.2839,0.349754,10.1024,35.7925,0.471429
rmse,last,9,0.001,70,500,1.0,0.0,3,2,5,1,10,551,83,18.2944,45.2737,0.351465,10.082,35.7668,0.471429
rmse,last,9,0.001,70,500,1.0,0.0,3,2,5,1,10,551,84,18.3078,45.28,0.351517,10.0752,35.7127,0.471429
rmse,last,9,0.001,70,500,1.0,0.0,3,2,5,1,10,551,85,18.2909,45.2604,0.352632,10.159,35.6562,0.471429
rmse,last,9,0.001,70,500,1.0,0.0,3,2,5,1,10,551,86,18.3534,45.2919,0.351569,10.1774,35.5998,0.471429
rmse,last,9,0.001,70,500,1.0,0.0,3,2,5,1,10,551,87,18.3672,45.3008,0.351128,10.106,35.5209,0.471429
rmse,last,9,0.001,70,500,1.0,0.0,3,2,5,1,10,551,88,18.3452,45.2888,0.352476,10.0722,35.4755,0.471429
rmse,last,9,0.001,70,500,1.0,0.0,3,2,5,1,10,551,89,18.3654,45.2996,0.352528,10.0473,35.4225,0.471429
rmse,last,9,0.001,70,500,1.0,0.0,3,2,5,1,10,551,90,18.4146,45.3211,0.351906,10.0155,35.3637,0.485714
rmse,last,9,0.001,70,500,1.0,0.0,3,2,5,1,10,551,91,18.4422,45.3413,0.351724,9.98808,35.3157,0.485714
rmse,last,9,0.001,70,500,1.0,0.0,3,2,5,1,10,551,92,18.4252,45.3325,0.352606,9.90628,35.2386,0.5
rmse,last,9,0.001,70,500,1.0,0.0,3,2,5,1,10,551,93,18.3982,45.3245,0.35302,9.83707,35.1819,0.5
rmse,last,9,0.001,70,500,1.0,0.0,3,2,5,1,10,551,94,18.3816,45.3219,0.353876,9.78898,35.1134,0.5
rmse,last,9,0.001,70,500,1.0,0.0,3,2,5,1,10,551,95,18.3963,45.3306,0.353383,9.77475,35.054,0.514286
rmse,last,9,0.001,70,500,1.0,0.0,3,2,5,1,10,551,96,18.3994,45.3352,0.353306,9.74972,35.0031,0.514286
rmse,last,9,0.001,70,500,1.0,0.0,3,2,5,1,10,551,97,18.3855,45.3315,0.353824,9.67698,34.9362,0.514286
rmse,last,9,0.001,70,500,1.0,0.0,3,2,5,1,10,551,98,18.3861,45.3362,0.353928,9.59358,34.8694,0.514286
rmse,last,9,0.001,70,500,1.0,0.0,3,2,5,1,10,551,99,18.3967,45.3468,0.353643,9.37296,34.6712,0.514286
rmse,last,9,0.001,70,500,1.0,0.0,3,2,5,1,10,551,100,18.3944,45.3528,0.353254,9.52392,34.9181,0.514286
rmse,last,9,0.001,70,500,1.0,0.0,3,2,5,1,10,551,-1,17.9908,45.1506,0.356832,19.8515,44.9834,0.285714
rmse,last,9,0.001,70,500,1.0,0.0,3,2,5,1,10,551,101,18.4535,45.3922,0.351154,9.57108,34.9331,0.514286
rmse,last,9,0.001,70,500,1.0,0.0,3,2,5,1,10,551,102,18.3786,45.3357,0.352217,9.52071,34.9304,0.514286
rmse,last,9,0.001,70,500,1.0,0.0,3,2,5,1,10,551,103,18.4105,45.3578,0.351595,9.46708,34.8265,0.514286
rmse,last,9,0.001,70,500,1.0,0.0,3,2,5,1,10,551,104,18.4929,45.4087,0.350713,9.47943,34.738,0.471429
rmse,last,9,0.001,70,500,1.0,0.0,3,2,5,1,10,551,105,18.4983,45.4042,0.350531,9.63226,34.7224,0.485714
rmse,last,9,0.001,70,500,1.0,0.0,3,2,5,1,10,551,106,18.4898,45.4007,0.35232,9.51212,34.609,0.485714
rmse,last,9,0.001,70,500,1.0,0.0,3,2,5,1,10,551,107,18.5129,45.4294,0.352787,9.21635,34.522,0.514286
rmse,last,9,0.001,70,500,1.0,0.0,3,2,5,1,10,551,108,18.521,45.4382,0.354239,8.97186,34.5124,0.514286
rmse,last,9,0.001,70,500,1.0,0.0,3,2,5,1,10,551,109,18.482,45.4234,0.355043,8.75428,34.3309,0.514286
rmse,last,9,0.001,70,500,1.0,0.0,3,2,5,1,10,551,110,18.4325,45.3928,0.355743,8.61007,34.2029,0.528571
rmse,last,9,0.001,70,500,1.0,0.0,3,2,5,1,10,551,111,18.3654,45.3405,0.35665,8.5327,34.1724,0.528571
rmse,last,9,0.001,70,500,1.0,0.0,3,2,5,1,10,551,112,18.2887,45.2986,0.358232,8.47317,34.1958,0.514286
rmse,last,9,0.001,70,500,1.0,0.0,3,2,5,1,10,551,113,18.2956,45.3168,0.35818,8.32663,34.1348,0.528571
rmse,last,9,0.001,70,500,1.0,0.0,3,2,5,1,10,551,114,18.3494,45.354,0.357065,8.24379,34.1058,0.571429
rmse,last,9,0.001,70,500,1.0,0.0,3,2,5,1,10,551,115,18.3589,45.3625,0.357843,8.19754,34.0442,0.571429
rmse,last,9,0.001,70,500,1.0,0.0,3,2,5,1,10,551,116,18.4269,45.3966,0.356365,8.16444,33.9768,0.557143
rmse,last,9,0.001,70,500,1.0,0.0,3,2,5,1,10,551,117,18.4731,45.4155,0.35468,8.10045,33.9224,0.571429
rmse,last,9,0.001,70,500,1.0,0.0,3,2,5,1,10,551,118,18.5373,45.4488,0.35328,8.13371,33.9049,0.557143
rmse,last,9,0.001,70,500,1.0,0.0,3,2,5,1,10,551,119,18.5838,45.4745,0.353435,8.14673,33.8414,0.571429
rmse,last,9,0.001,70,500,1.0,0.0,3,2,5,1,10,551,120,18.6236,45.4963,0.35315,8.12172,33.8018,0.571429
rmse,last,9,0.001,70,500,1.0,0.0,3,2,5,1,10,551,121,18.6352,45.5032,0.352554,8.08605,33.7436,0.571429
rmse,last,9,0.001,70,500,1.0,0.0,3,2,5,1,10,551,122,18.6102,45.4868,0.352632,8.05191,33.659,0.571429
rmse,last,9,0.001,70,500,1.0,0.0,3,2,5,1,10,551,123,18.5794,45.4595,0.353746,8.06005,33.5802,0.557143
rmse,last,9,0.001,70,500,1.0,0.0,3,2,5,1,10,551,124,18.5691,45.4442,0.354058,8.10311,33.5369,0.557143
rmse,last,9,0.001,70,500,1.0,0.0,3,2,5,1,10,551,125,18.6346,45.4725,0.352813,8.08296,33.4676,0.542857
rmse,last,9,0.001,70,500,1.0,0.0,3,2,5,1,10,551,126,18.6609,45.4809,0.352502,8.09598,33.4411,0.557143
rmse,last,9,0.001,70,500,1.0,0.0,3,2,5,1,10,551,127,18.6568,45.4757,0.352683,8.03851,33.3874,0.585714
rmse,last,9,0.001,70,500,1.0,0.0,3,2,5,1,10,551,128,18.6501,45.4752,0.353098,7.95279,33.3418,0.585714
rmse,last,9,0.001,70,500,1.0,0.0,3,2,5,1,10,551,129,18.6652,45.4927,0.352787,7.92505,33.2792,0.585714
rmse,last,9,0.001,70,500,1.0,0.0,3,2,5,1,10,551,130,18.6759,45.5106,0.352554,7.86868,33.2325,0.585714
rmse,last,9,0.001,70,500,1.0,0.0,3,2,5,1,10,551,131,18.6821,45.5196,0.352917,7.82663,33.1967,0.614286
rmse,last,9,0.001,70,500,1.0,0.0,3,2,5,1,10,551,132,18.147,45.2105,0.36028,8.40765,34.2478,0.542857
rmse,last,9,0.001,70,500,1.0,0.0,3,2,5,1,10,551,133,18.0223,45.1507,0.360876,8.99713,35.1798,0.514286
rmse,last,9,0.001,70,500,1.0,0.0,3,2,5,1,10,551,134,18.1777,45.2363,0.361499,8.69539,34.647,0.528571
rmse,last,9,0.001,70,500,1.0,0.0,3,2,5,1,10,551,135,18.5027,45.4081,0.358724,8.37167,34.3121,0.528571
rmse,last,9,0.001,70,500,1.0,0.0,3,2,5,1,10,551,136,18.3914,45.3193,0.359087,8.24436,34.2243,0.528571
rmse,last,9,0.001,70,500,1.0,0.0,3,2,5,1,10,551,137,18.3343,45.2768,0.357687,8.76593,34.441,0.485714
rmse,last,9,0.001,70,500,1.0,0.0,3,2,5,1,10,551,138,18.3463,45.2817,0.358647,9.03573,34.5568,0.5
rmse,last,9,0.001,70,500,1.0,0.0,3,2,5,1,10,551,139,18.4158,45.3561,0.357947,8.9377,34.5534,0.514286
rmse,last,9,0.001,70,500,1.0,0.0,3,2,5,1,10,551,140,18.4559,45.3756,0.35691,9.02402,34.6075,0.471429
rmse,last,9,0.001,70,500,1.0,0.0,3,2,5,1,10,551,141,18.5513,45.4195,0.355665,9.11418,34.509,0.5
rmse,last,9,0.001,70,500,1.0,0.0,3,2,5,1,10,551,142,18.5922,45.4386,0.356002,8.98874,34.2107,0.5
rmse,last,9,0.001,70,500,1.0,0.0,3,2,5,1,10,551,143,18.6414,45.4707,0.354239,8.62339,33.8805,0.485714
rmse,last,9,0.001,70,500,1.0,0.0,3,2,5,1,10,551,144,18.645,45.4904,0.354421,8.31829,33.6684,0.5
rmse,last,9,0.001,70,500,1.0,0.0,3,2,5,1,10,551,145,18.6727,45.5018,0.354032,8.15291,33.4859,0.514286
rmse,last,9,0.001,70,500,1.0,0.0,3,2,5,1,10,551,146,18.6748,45.4763,0.355146,7.88188,33.4123,0.5
rmse,last,9,0.001,70,500,1.0,0.0,3,2,5,1,10,551,147,18.6141,45.4566,0.357661,7.7922,33.3396,0.5
rmse,last,9,0.001,70,500,1.0,0.0,3,2,5,1,10,551,148,18.6106,45.4768,0.356028,7.65934,33.5099,0.528571
rmse,last,9,0.001,70,500,1.0,0.0,3,2,5,1,10,551,149,18.5562,45.4952,0.35525,7.50633,33.1394,0.571429
rmse,last,9,0.001,70,500,1.0,0.0,3,2,5,1,10,551,150,18.5168,45.5226,0.355717,7.23801,33.1429,0.571429
rmse,last,9,0.001,70,500,1.0,0.0,3,2,5,1,10,551,-1,18.1614,45.3008,0.357739,18.7046,44.8234,0.3
rmse,last,9,0.001,70,500,1.0,0.0,3,2,5,1,10,551,151,18.4555,45.4963,0.354758,7.43293,33.1889,0.585714
rmse,last,9,0.001,70,500,1.0,0.0,3,2,5,1,10,551,152,18.4432,45.5163,0.354291,7.36882,33.2284,0.6
rmse,last,9,0.001,70,500,1.0,0.0,3,2,5,1,10,551,153,18.4078,45.4776,0.355743,7.03453,33.2023,0.6
rmse,last,9,0.001,70,500,1.0,0.0,3,2,5,1,10,551,154,18.3897,45.455,0.356469,6.9898,33.2683,0.6
rmse,last,9,0.001,70,500,1.0,0.0,3,2,5,1,10,551,155,18.4316,45.492,0.354887,6.91127,33.0902,0.614286
rmse,last,9,0.001,70,500,1.0,0.0,3,2,5,1,10,551,156,18.4645,45.5299,0.353669,7.04988,32.827,0.6
rmse,last,9,0.001,70,500,1.0,0.0,3,2,5,1,10,551,157,18.5067,45.5531,0.354913,7.22459,32.8459,0.571429
rmse,last,9,0.001,70,500,1.0,0.0,3,2,5,1,10,551,158,18.5503,45.5868,0.353487,7.29973,32.8147,0.557143
rmse,last,9,0.001,70,500,1.0,0.0,3,2,5,1,10,551,159,18.5401,45.5707,0.353643,7.02974,32.5939,0.585714
rmse,last,9,0.001,70,500,1.0,0.0,3,2,5,1,10,551,160,18.5025,45.5246,0.355146,6.9918,32.6194,0.6
rmse,last,9,0.001,70,500,1.0,0.0,3,2,5,1,10,551,161,18.5373,45.5249,0.356547,7.01494,32.6507,0.614286
rmse,last,9,0.001,70,500,1.0,0.0,3,2,5,1,10,551,162,18.5978,45.5521,0.355224,6.97777,32.5425,0.614286
rmse,last,9,0.001,70,500,1.0,0.0,3,2,5,1,10,551,163,18.6669,45.588,0.35398,7.03707,32.413,0.6
rmse,last,9,0.001,70,500,1.0,0.0,3,2,5,1,10,551,164,18.6937,45.5883,0.353461,7.10886,32.3694,0.6
rmse,last,9,0.001,70,500,1.0,0.0,3,2,5,1,10,551,165,18.7108,45.5929,0.352476,7.15057,32.3609,0.6
rmse,last,9,0.001,70,500,1.0,0.0,3,2,5,1,10,551,166,18.7468,45.6029,0.352943,7.09333,32.2562,0.614286
rmse,last,9,0.001,70,500,1.0,0.0,3,2,5,1,10,551,167,18.7784,45.6273,0.353721,6.91583,32.3341,0.628571
rmse,last,9,0.001,70,500,1.0,0.0,3,2,5,1,10,551,168,18.7744,45.6012,0.354887,6.83721,32.194,0.628571
rmse,last,9,0.001,70,500,1.0,0.0,3,2,5,1,10,551,169,18.679,45.5055,0.35538,6.92025,32.492,0.6
rmse,last,9,0.001,70,500,1.0,0.0,3,2,5,1,10,551,170,18.6395,45.4621,0.357713,7.03534,32.552,0.571429
rmse,last,9,0.001,70,500,1.0,0.0,3,2,5,1,10,551,171,18.7306,45.4829,0.356884,7.18502,32.3443,0.585714
rmse,last,9,0.001,70,500,1.0,0.0,3,2,5,1,10,551,172,18.8072,45.5301,0.355976,7.17372,32.2644,0.585714
rmse,last,9,0.001,70,500,1.0,0.0,3,2,5,1,10,551,173,18.8531,45.5704,0.354317,7.10456,32.164,0.557143
rmse,last,9,0.001,70,500,1.0,0.0,3,2,5,1,10,551,174,18.8679,45.5998,0.355406,7.21896,32.2069,0.571429
rmse,last,9,0.001,70,500,1.0,0.0,3,2,5,1,10,551,175,18.8508,45.5959,0.355898,7.12927,32.1942,0.571429
rmse,last,9,0.001,70,500,1.0,0.0,3,2,5,1,10,551,176,18.8276,45.6031,0.356287,7.00876,32.0795,0.6
rmse,last,9,0.001,70,500,1.0,0.0,3,2,5,1,10,551,177,18.8218,45.5702,0.355872,6.69163,31.9289,0.614286
rmse,last,9,0.001,70,500,1.0,0.0,3,2,5,1,10,551,178,18.7612,45.5169,0.356702,6.96513,32.2101,0.571429
rmse,last,9,0.001,70,500,1.0,0.0,3,2,5,1,10,551,179,18.7428,45.4935,0.356858,7.23209,32.4065,0.585714
rmse,last,9,0.001,70,500,1.0,0.0,3,2,5,1,10,551,180,18.7313,45.5003,0.357039,7.21504,32.3527,0.585714
rmse,last,9,0.001,70,500,1.0,0.0,3,2,5,1,10,551,181,18.7611,45.5435,0.357661,6.91049,32.057,0.614286
rmse,last,9,0.001,70,500,1.0,0.0,3,2,5,1,10,551,182,18.7695,45.5928,0.356547,6.42081,31.8145,0.642857
rmse,last,9,0.001,70,500,1.0,0.0,3,2,5,1,10,551,183,18.8018,45.6218,0.355665,6.58135,31.8097,0.614286
rmse,last,9,0.001,70,500,1.0,0.0,3,2,5,1,10,551,184,18.7969,45.6433,0.356235,6.67754,32.0577,0.614286
rmse,last,9,0.001,70,500,1.0,0.0,3,2,5,1,10,551,185,18.8247,45.6517,0.355509,6.64687,31.8856,0.628571
rmse,last,9,0.001,70,500,1.0,0.0,3,2,5,1,10,551,186,18.8471,45.6417,0.357091,6.58752,31.7161,0.642857
rmse,last,9,0.001,70,500,1.0,0.0,3,2,5,1,10,551,187,18.8272,45.6106,0.356598,6.6121,31.7075,0.628571
rmse,last,9,0.001,70,500,1.0,0.0,3,2,5,1,10,551,188,18.7323,45.5637,0.357273,6.58593,31.706,0.628571
rmse,last,9,0.001,70,500,1.0,0.0,3,2,5,1,10,551,189,18.7043,45.5443,0.357713,6.48553,31.6837,0.614286
rmse,last,9,0.001,70,500,1.0,0.0,3,2,5,1,10,551,190,18.7286,45.5549,0.355587,6.56586,31.7132,0.628571
rmse,last,9,0.001,70,500,1.0,0.0,3,2,5,1,10,551,191,18.7826,45.5779,0.355587,6.5597,31.6646,0.614286
rmse,last,9,0.001,70,500,1.0,0.0,3,2,5,1,10,551,192,18.8592,45.6207,0.356365,6.4654,31.5092,0.614286
rmse,last,9,0.001,70,500,1.0,0.0,3,2,5,1,10,551,193,18.8745,45.6583,0.356028,6.12715,31.4906,0.657143
rmse,last,9,0.001,70,500,1.0,0.0,3,2,5,1,10,551,194,18.8909,45.6673,0.356884,6.32744,31.4276,0.642857
rmse,last,9,0.001,70,500,1.0,0.0,3,2,5,1,10,551,195,18.9113,45.6565,0.355821,6.33271,31.3814,0.657143
rmse,last,9,0.001,70,500,1.0,0.0,3,2,5,1,10,551,196,18.9345,45.6622,0.356132,6.42011,31.3866,0.685714
rmse,last,9,0.001,70,500,1.0,0.0,3,2,5,1,10,551,197,18.9368,45.666,0.356365,6.46196,31.3754,0.671429
rmse,last,9,0.001,70,500,1.0,0.0,3,2,5,1,10,551,198,18.9377,45.664,0.356365,6.42437,31.3237,0.671429
rmse,last,9,0.001,70,500,1.0,0.0,3,2,5,1,10,551,199,18.9465,45.6657,0.357221,6.36102,31.2728,0.657143
rmse,last,9,0.001,70,500,1.0,0.0,3,2,5,1,10,551,200,18.9049,45.6415,0.358076,6.24103,31.2363,0.657143
rmse,last,9,0.001,70,500,1.0,0.0,3,2,5,1,10,551,-1,18.6835,45.4222,0.359554,19.749,44.903,0.3
rmse,last,9,0.001,70,500,1.0,0.0,3,2,5,1,10,551,201,18.9748,45.6748,0.357195,6.29291,31.1661,0.657143
rmse,last,9,0.001,70,500,1.0,0.0,3,2,5,1,10,551,202,18.9961,45.6908,0.357117,6.33339,31.1118,0.657143
rmse,last,9,0.001,70,500,1.0,0.0,3,2,5,1,10,551,203,19.0175,45.7009,0.357298,6.32878,31.0862,0.657143
rmse,last,9,0.001,70,500,1.0,0.0,3,2,5,1,10,551,204,19.043,45.7033,0.357428,6.2987,31.0751,0.657143
rmse,last,9,0.001,70,500,1.0,0.0,3,2,5,1,10,551,205,19.0469,45.6981,0.357739,6.24055,31.0395,0.657143
rmse,last,9,0.001,70,500,1.0,0.0,3,2,5,1,10,551,206,19.0395,45.6925,0.357635,6.15065,31.02,0.657143
rmse,last,9,0.001,70,500,1.0,0.0,3,2,5,1,10,551,207,19.0251,45.6871,0.35761,6.08329,31.0065,0.671429
rmse,last,9,0.001,70,500,1.0,0.0,3,2,5,1,10,551,208,19.0431,45.7004,0.357584,6.14386,30.9462,0.657143
rmse,last,9,0.001,70,500,1.0,0.0,3,2,5,1,10,551,209,19.0196,45.6904,0.35761,6.1083,30.9188,0.671429
rmse,last,9,0.001,70,500,1.0,0.0,3,2,5,1,10,551,210,19.0913,45.701,0.356365,6.28414,30.9328,0.657143
rmse,last,9,0.001,70,500,1.0,0.0,3,2,5,1,10,551,211,19.0798,45.6924,0.356806,6.3964,30.9834,0.657143
rmse,last,9,0.001,70,500,1.0,0.0,3,2,5,1,10,551,212,19.1011,45.6924,0.356832,6.41539,30.9334,0.657143
rmse,last,9,0.001,70,500,1.0,0.0,3,2,5,1,10,551,213,19.0948,45.6842,0.356935,6.34038,30.9069,0.671429
rmse,last,9,0.001,70,500,1.0,0.0,3,2,5,1,10,551,214,19.0515,45.6688,0.357895,6.25515,30.8317,0.671429
rmse,last,9,0.001,70,500,1.0,0.0,3,2,5,1,10,551,215,19.0693,45.6949,0.356676,5.98967,30.8234,0.671429
rmse,last,9,0.001,70,500,1.0,0.0,3,2,5,1,10,551,216,19.0877,45.7205,0.358517,6.2661,31.5814,0.657143
rmse,last,9,0.001,70,500,1.0,0.0,3,2,5,1,10,551,217,19.1183,45.7266,0.358595,6.62665,31.6355,0.657143
rmse,last,9,0.001,70,500,1.0,0.0,3,2,5,1,10,551,218,19.1285,45.7212,0.358413,6.4913,31.5019,0.642857
rmse,last,9,0.001,70,500,1.0,0.0,3,2,5,1,10,551,219,19.2177,45.7621,0.358776,6.50653,31.481,0.642857
rmse,last,9,0.001,70,500,1.0,0.0,3,2,5,1,10,551,220,19.2864,45.7728,0.356961,6.59209,31.4513,0.657143
rmse,last,9,0.001,70,500,1.0,0.0,3,2,5,1,10,551,221,19.2742,45.7661,0.357661,6.70096,31.3402,0.671429
rmse,last,9,0.001,70,500,1.0,0.0,3,2,5,1,10,551,222,19.1918,45.7216,0.358776,6.59581,31.351,0.671429
rmse,last,9,0.001,70,500,1.0,0.0,3,2,5,1,10,551,223,19.1798,45.7223,0.35958,6.5449,31.3006,0.657143
rmse,last,9,0.001,70,500,1.0,0.0,3,2,5,1,10,551,224,19.2194,45.7578,0.359269,6.4865,31.2186,0.657143
rmse,last,9,0.001,70,500,1.0,0.0,3,2,5,1,10,551,225,19.1863,45.7558,0.359917,6.37678,31.2282,0.657143
rmse,last,9,0.001,70,500,1.0,0.0,3,2,5,1,10,551,226,19.2069,45.766,0.359217,6.38441,31.1918,0.657143
rmse,last,9,0.001,70,500,1.0,0.0,3,2,5,1,10,551,227,19.1969,45.7507,0.358673,6.603,31.2332,0.657143
rmse,last,9,0.001,70,500,1.0,0.0,3,2,5,1,10,551,228,19.2213,45.7505,0.358387,6.55372,31.255,0.657143
rmse,last,9,0.001,70,500,1.0,0.0,3,2,5,1,10,551,229,19.1844,45.7345,0.358776,6.49914,31.2029,0.642857
rmse,last,9,0.001,70,500,1.0,0.0,3,2,5,1,10,551,230,19.1253,45.714,0.358698,6.50062,31.3827,0.628571
rmse,last,9,0.001,70,500,1.0,0.0,3,2,5,1,10,551,231,19.2154,45.728,0.35761,6.45014,31.2307,0.657143
rmse,last,9,0.001,70,500,1.0,0.0,3,2,5,1,10,551,232,19.1756,45.7124,0.355821,6.46396,31.3245,0.657143
rmse,last,9,0.001,70,500,1.0,0.0,3,2,5,1,10,551,233,19.1509,45.7188,0.357687,6.4532,31.4589,0.642857
rmse,last,9,0.001,70,500,1.0,0.0,3,2,5,1,10,551,234,19.1624,45.7077,0.356961,6.42635,31.6079,0.642857
rmse,last,9,0.001,70,500,1.0,0.0,3,2,5,1,10,551,235,19.1444,45.7266,0.355976,6.70433,31.59,0.642857
rmse,last,9,0.001,70,500,1.0,0.0,3,2,5,1,10,551,236,19.1144,45.743,0.35735,6.43513,31.1477,0.657143
rmse,last,9,0.001,70,500,1.0,0.0,3,2,5,1,10,551,237,19.0734,45.7385,0.359113,6.81424,31.3932,0.671429
rmse,last,9,0.001,70,500,1.0,0.0,3,2,5,1,10,551,238,19.0572,45.735,0.36015,6.77092,31.4682,0.657143
rmse,last,9,0.001,70,500,1.0,0.0,3,2,5,1,10,551,239,19.0367,45.7369,0.360669,6.66092,31.3298,0.642857
rmse,last,9,0.001,70,500,1.0,0.0,3,2,5,1,10,551,240,19.0183,45.7484,0.360332,6.67394,31.1791,0.657143
rmse,last,9,0.001,70,500,1.0,0.0,3,2,5,1,10,551,241,19.0129,45.7205,0.361136,6.81385,31.1587,0.657143
rmse,last,9,0.001,70,500,1.0,0.0,3,2,5,1,10,551,242,18.9947,45.7248,0.36098,6.51833,31.3584,0.685714
rmse,last,9,0.001,70,500,1.0,0.0,3,2,5,1,10,551,243,19.0502,45.6932,0.360228,6.49151,31.0772,0.657143
rmse,last,9,0.001,70,500,1.0,0.0,3,2,5,1,10,551,244,18.9383,45.6531,0.35875,6.54646,31.1657,0.657143
rmse,last,9,0.001,70,500,1.0,0.0,3,2,5,1,10,551,245,18.9103,45.6499,0.35901,6.77955,31.383,0.628571
rmse,last,9,0.001,70,500,1.0,0.0,3,2,5,1,10,551,246,18.9335,45.7015,0.359476,6.69545,31.4552,0.628571
rmse,last,9,0.001,70,500,1.0,0.0,3,2,5,1,10,551,247,18.9691,45.7129,0.36015,6.51596,31.6413,0.685714
rmse,last,9,0.001,70,500,1.0,0.0,3,2,5,1,10,551,248,19.0311,45.7597,0.360332,6.53624,31.6634,0.685714
rmse,last,9,0.001,70,500,1.0,0.0,3,2,5,1,10,551,249,19.0016,45.7388,0.362017,6.53066,31.5826,0.685714
rmse,last,9,0.001,70,500,1.0,0.0,3,2,5,1,10,551,250,18.9277,45.7004,0.362147,6.59656,31.4338,0.685714
rmse,last,9,0.001,70,500,1.0,0.0,3,2,5,1,10,551,-1,18.9542,45.6367,0.355224,19.726,45.1836,0.285714
rmse,last,9,0.001,70,500,1.0,0.0,3,2,5,1,10,551,251,18.8778,45.6579,0.362691,6.47463,31.1831,0.657143
rmse,last,9,0.001,70,500,1.0,0.0,3,2,5,1,10,551,252,18.8334,45.6326,0.362069,6.41754,31.0353,0.657143
rmse,last,9,0.001,70,500,1.0,0.0,3,2,5,1,10,551,253,18.7733,45.5895,0.362095,6.44243,31.0884,0.671429
rmse,last,9,0.001,70,500,1.0,0.0,3,2,5,1,10,551,254,18.7688,45.6017,0.362925,6.47752,30.9981,0.671429
rmse,last,9,0.001,70,500,1.0,0.0,3,2,5,1,10,551,255,18.794,45.6282,0.362769,6.44484,30.8878,0.685714
rmse,last,9,0.001,70,500,1.0,0.0,3,2,5,1,10,551,256,18.8789,45.6754,0.362302,6.41909,30.8356,0.671429
rmse,last,9,0.001,70,500,1.0,0.0,3,2,5,1,10,551,257,18.8881,45.6849,0.361913,6.27214,30.7262,0.671429
rmse,last,9,0.001,70,500,1.0,0.0,3,2,5,1,10,551,258,18.9162,45.6884,0.359865,6.23236,30.6292,0.671429
rmse,last,9,0.001,70,500,1.0,0.0,3,2,5,1,10,551,259,18.9209,45.6899,0.360021,6.3621,30.6815,0.657143
rmse,last,9,0.001,70,500,1.0,0.0,3,2,5,1,10,551,260,18.9261,45.6906,0.360617,6.30757,30.666,0.671429
rmse,last,9,0.001,70,500,1.0,0.0,3,2,5,1,10,551,261,18.9325,45.6985,0.359865,6.23739,30.6129,0.671429
rmse,last,9,0.001,70,500,1.0,0.0,3,2,5,1,10,551,262,18.8532,45.6521,0.361836,6.30046,30.5209,0.671429
rmse,last,9,0.001,70,500,1.0,0.0,3,2,5,1,10,551,263,18.8244,45.6378,0.363236,6.30543,30.4917,0.657143
rmse,last,9,0.001,70,500,1.0,0.0,3,2,5,1,10,551,264,18.8764,45.6905,0.361706,6.1493,30.4011,0.685714
rmse,last,9,0.001,70,500,1.0,0.0,3,2,5,1,10,551,265,18.9321,45.7311,0.361706,6.1331,30.37,0.685714
rmse,last,9,0.001,70,500,1.0,0.0,3,2,5,1,10,551,266,18.955,45.7636,0.361939,6.16129,30.4041,0.685714
rmse,last,9,0.001,70,500,1.0,0.0,3,2,5,1,10,551,267,18.9682,45.7673,0.362276,6.0888,30.3937,0.685714
rmse,last,9,0.001,70,500,1.0,0.0,3,2,5,1,10,551,268,18.9706,45.7636,0.363262,6.08069,30.3328,0.685714
rmse,last,9,0.001,70,500,1.0,0.0,3,2,5,1,10,551,269,18.9719,45.746,0.362873,6.09388,30.2928,0.685714
rmse,last,9,0.001,70,500,1.0,0.0,3,2,5,1,10,551,270,19.0073,45.7357,0.362458,5.99268,30.284,0.685714
rmse,last,9,0.001,70,500,1.0,0.0,3,2,5,1,10,551,271,19.0656,45.7821,0.36225,5.99774,30.2167,0.685714
rmse,last,9,0.001,70,500,1.0,0.0,3,2,5,1,10,551,272,19.0597,45.7693,0.36295,6.16632,30.2862,0.685714
rmse,last,9,0.001,70,500,1.0,0.0,3,2,5,1,10,551,273,19.0732,45.7738,0.364091,6.06142,30.2748,0.685714
rmse,last,9,0.001,70,500,1.0,0.0,3,2,5,1,10,551,274,19.0747,45.7789,0.364376,6.02111,30.3158,0.685714
rmse,last,9,0.001,70,500,1.0,0.0,3,2,5,1,10,551,275,19.0787,45.7754,0.364273,6.01888,30.2569,0.685714
rmse,last,9,0.001,70,500,1.0,0.0,3,2,5,1,10,551,276,19.0739,45.7574,0.364921,6.004,30.2533,0.685714
rmse,last,9,0.001,70,500,1.0,0.0,3,2,5,1,10,551,277,19.0702,45.7469,0.363184,6.05541,30.1562,0.685714
rmse,last,9,0.001,70,500,1.0,0.0,3,2,5,1,10,551,278,19.0638,45.7573,0.361939,6.12586,30.1431,0.685714
rmse,last,9,0.001,70,500,1.0,0.0,3,2,5,1,10,551,279,19.0691,45.7536,0.360773,6.18534,30.0382,0.685714
rmse,last,9,0.001,70,500,1.0,0.0,3,2,5,1,10,551,280,19.0984,45.7793,0.359865,6.24617,30.0398,0.685714
rmse,last,9,0.001,70,500,1.0,0.0,3,2,5,1,10,551,281,19.1263,45.7989,0.360021,6.23939,30.0251,0.685714
rmse,last,9,0.001,70,500,1.0,0.0,3,2,5,1,10,551,282,19.1247,45.7836,0.360954,6.15157,29.9375,0.685714
rmse,last,9,0.001,70,500,1.0,0.0,3,2,5,1,10,551,283,19.1688,45.8026,0.361732,6.21427,29.9667,0.685714
rmse,last,9,0.001,70,500,1.0,0.0,3,2,5,1,10,551,284,19.1565,45.7966,0.362173,6.07335,29.8974,0.685714
rmse,last,9,0.001,70,500,1.0,0.0,3,2,5,1,10,551,285,19.1744,45.8075,0.362406,6.09067,29.8803,0.685714
rmse,last,9,0.001,70,500,1.0,0.0,3,2,5,1,10,551,286,19.1408,45.7812,0.362121,6.07977,29.8061,0.685714
rmse,last,9,0.001,70,500,1.0,0.0,3,2,5,1,10,551,287,19.1336,45.77,0.362276,6.0549,29.7501,0.7
rmse,last,9,0.001,70,500,1.0,0.0,3,2,5,1,10,551,288,19.1028,45.7573,0.362899,6.03366,29.703,0.7
rmse,last,9,0.001,70,500,1.0,0.0,3,2,5,1,10,551,289,19.0939,45.7578,0.363443,6.074,29.7426,0.671429
rmse,last,9,0.001,70,500,1.0,0.0,3,2,5,1,10,551,290,18.8152,45.6517,0.366062,6.59562,32.3803,0.614286
rmse,last,9,0.001,70,500,1.0,0.0,3,2,5,1,10,551,291,18.527,45.5123,0.370054,8.40641,34.4678,0.6
rmse,last,9,0.001,70,500,1.0,0.0,3,2,5,1,10,551,292,18.5501,45.5112,0.368862,9.84399,35.9037,0.571429
rmse,last,9,0.001,70,500,1.0,0.0,3,2,5,1,10,551,293,18.6246,45.5372,0.367591,9.94533,36.0994,0.528571
rmse,last,9,0.001,70,500,1.0,0.0,3,2,5,1,10,551,294,18.5663,45.5099,0.370184,10.0766,35.9277,0.542857
rmse,last,9,0.001,70,500,1.0,0.0,3,2,5,1,10,551,295,18.7689,45.6267,0.366217,10.4088,36.3072,0.557143
rmse,last,9,0.001,70,500,1.0,0.0,3,2,5,1,10,551,296,18.6903,45.4631,0.368836,12.2332,38.6743,0.485714
rmse,last,9,0.001,70,500,1.0,0.0,3,2,5,1,10,551,297,18.4184,45.1959,0.373788,15.4449,40.5949,0.457143
rmse,last,9,0.001,70,500,1.0,0.0,3,2,5,1,10,551,298,18.2672,45.0292,0.377003,17.0155,41.3574,0.428571
rmse,last,9,0.001,70,500,1.0,0.0,3,2,5,1,10,551,299,19.521,45.827,0.366062,11.7373,38.8785,0.585714
rmse,last,9,0.001,70,500,1.0,0.0,3,2,5,1,10,551,300,19.8717,46.3296,0.357221,13.7818,41.41,0.5
rmse,last,9,0.001,70,500,1.0,0.0,3,2,5,1,10,551,-1,19.6323,46.374,0.356598,21.2401,46.7479,0.357143
rmse,last,9,0.001,70,500,1.0,0.0,3,2,5,1,10,551,301,19.5944,46.4165,0.362588,23.8257,50.1377,0.328571
rmse,last,9,0.001,70,500,1.0,0.0,3,2,5,1,10,551,302,18.9959,46.0832,0.372725,21.3476,45.5139,0.342857
rmse,last,9,0.001,70,500,1.0,0.0,3,2,5,1,10,551,303,19.7448,44.4892,0.409541,23.9804,44.3477,0.4
rmse,last,9,0.001,70,500,1.0,0.0,3,2,5,1,10,551,304,20.2941,43.319,0.432538,22.7579,42.6978,0.357143
rmse,last,9,0.001,70,500,1.0,0.0,3,2,5,1,10,551,305,20.6222,42.979,0.436764,23.1981,42.8214,0.371429
rmse,last,9,0.001,70,500,1.0,0.0,3,2,5,1,10,551,306,20.8859,42.8695,0.437283,23.9439,42.3259,0.371429
rmse,last,9,0.001,70,500,1.0,0.0,3,2,5,1,10,551,307,20.8251,42.6984,0.43762,23.6372,42.5508,0.371429
rmse,last,9,0.001,70,500,1.0,0.0,3,2,5,1,10,551,308,20.9005,42.6041,0.438968,22.3124,42.2744,0.371429
rmse,last,9,0.001,70,500,1.0,0.0,3,2,5,1,10,551,309,21.0031,42.4987,0.438372,22.4407,42.0127,0.371429
rmse,last,9,0.001,70,500,1.0,0.0,3,2,5,1,10,551,310,20.7218,42.3582,0.43845,23.3475,42.3486,0.371429
rmse,last,9,0.001,70,500,1.0,0.0,3,2,5,1,10,551,311,19.7956,42.2583,0.438631,22.4149,41.4787,0.371429
rmse,last,9,0.001,70,500,1.0,0.0,3,2,5,1,10,551,312,18.7094,41.976,0.438631,20.2256,41.9665,0.371429
rmse,last,9,0.001,70,500,1.0,0.0,3,2,5,1,10,551,313,17.7729,41.8081,0.438631,20.4205,41.9611,0.371429
rmse,last,9,0.001,70,500,1.0,0.0,3,2,5,1,10,551,314,17.1817,41.7733,0.438631,18.142,42.3914,0.371429
rmse,last,9,0.001,70,500,1.0,0.0,3,2,5,1,10,551,315,16.7024,41.7399,0.438631,18.0005,42.1049,0.371429
rmse,last,9,0.001,70,500,1.0,0.0,3,2,5,1,10,551,316,16.3785,41.6849,0.438631,18.5153,41.967,0.371429
rmse,last,9,0.001,70,500,1.0,0.0,3,2,5,1,10,551,317,16.1945,41.6398,0.438631,18.3351,42.0448,0.371429
rmse,last,9,0.001,70,500,1.0,0.0,3,2,5,1,10,551,318,16.1166,41.6179,0.438605,18.1242,42.1146,0.371429
rmse,last,9,0.001,70,500,1.0,0.0,3,2,5,1,10,551,319,16.0784,41.6038,0.438605,18.0849,42.1168,0.371429
rmse,last,9,0.001,70,500,1.0,0.0,3,2,5,1,10,551,320,16.0553,41.5913,0.438605,18.0611,42.0987,0.371429
rmse,last,9,0.001,70,500,1.0,0.0,3,2,5,1,10,551,321,16.042,41.5805,0.438605,18.0421,42.0755,0.371429
rmse,last,9,0.001,70,500,1.0,0.0,3,2,5,1,10,551,322,16.0357,41.5706,0.438579,18.0319,42.0514,0.371429
rmse,last,9,0.001,70,500,1.0,0.0,3,2,5,1,10,551,323,16.0368,41.5623,0.438579,18.0307,42.0284,0.371429
rmse,last,9,0.001,70,500,1.0,0.0,3,2,5,1,10,551,324,16.0412,41.554,0.438579,18.0362,42.0077,0.371429
rmse,last,9,0.001,70,500,1.0,0.0,3,2,5,1,10,551,325,16.0476,41.5451,0.438579,18.0463,41.9893,0.371429
rmse,last,9,0.001,70,500,1.0,0.0,3,2,5,1,10,551,326,16.0559,41.5357,0.438579,18.0596,41.9728,0.371429
rmse,last,9,0.001,70,500,1.0,0.0,3,2,5,1,10,551,327,16.0658,41.5256,0.438579,18.0753,41.9573,0.371429
rmse,last,9,0.001,70,500,1.0,0.0,3,2,5,1,10,551,328,16.0766,41.5146,0.438579,18.0926,41.9423,0.371429
rmse,last,9,0.001,70,500,1.0,0.0,3,2,5,1,10,551,329,16.0887,41.5032,0.438553,18.1114,41.9274,0.371429
rmse,last,9,0.001,70,500,1.0,0.0,3,2,5,1,10,551,330,16.1014,41.4908,0.438553,18.1313,41.9125,0.371429
rmse,last,9,0.001,70,500,1.0,0.0,3,2,5,1,10,551,331,16.1159,41.4785,0.438553,18.1521,41.8977,0.371429
rmse,last,9,0.001,70,500,1.0,0.0,3,2,5,1,10,551,332,16.1308,41.4655,0.438553,18.1736,41.8829,0.371429
rmse,last,9,0.001,70,500,1.0,0.0,3,2,5,1,10,551,333,16.1456,41.4522,0.438553,18.1957,41.8684,0.371429
rmse,last,9,0.001,70,500,1.0,0.0,3,2,5,1,10,551,334,16.1626,41.4398,0.438553,18.2183,41.8544,0.371429
rmse,last,9,0.001,70,500,1.0,0.0,3,2,5,1,10,551,335,16.1793,41.4272,0.438553,18.2409,41.841,0.371429
rmse,last,9,0.001,70,500,1.0,0.0,3,2,5,1,10,551,336,16.1962,41.4152,0.438553,18.2632,41.8283,0.371429
rmse,last,9,0.001,70,500,1.0,0.0,3,2,5,1,10,551,337,16.2133,41.4038,0.438553,18.285,41.8164,0.371429
rmse,last,9,0.001,70,500,1.0,0.0,3,2,5,1,10,551,338,16.2299,41.3934,0.438553,18.3069,41.8047,0.371429
rmse,last,9,0.001,70,500,1.0,0.0,3,2,5,1,10,551,339,16.2468,41.3838,0.438553,18.3316,41.7915,0.371429
rmse,last,9,0.001,70,500,1.0,0.0,3,2,5,1,10,551,340,16.2659,41.3755,0.438579,18.3682,41.7737,0.371429
rmse,last,9,0.001,70,500,1.0,0.0,3,2,5,1,10,551,341,16.2892,41.3682,0.438579,18.4454,41.7435,0.371429
rmse,last,9,0.001,70,500,1.0,0.0,3,2,5,1,10,551,342,16.3219,41.3637,0.438579,18.6425,41.6877,0.371429
rmse,last,9,0.001,70,500,1.0,0.0,3,2,5,1,10,551,343,16.3744,41.3697,0.438579,19.01,41.5893,0.371429
rmse,last,9,0.001,70,500,1.0,0.0,3,2,5,1,10,551,344,16.4522,41.3957,0.438579,19.2869,41.4863,0.371429
rmse,last,9,0.001,70,500,1.0,0.0,3,2,5,1,10,551,345,16.5401,41.4277,0.438579,19.3849,41.4569,0.371429
rmse,last,9,0.001,70,500,1.0,0.0,3,2,5,1,10,551,346,16.6257,41.451,0.438579,19.8858,41.358,0.371429
rmse,last,9,0.001,70,500,1.0,0.0,3,2,5,1,10,551,347,16.7106,41.4644,0.438579,20.6231,41.3211,0.371429
rmse,last,9,0.001,70,500,1.0,0.0,3,2,5,1,10,551,348,16.7931,41.4865,0.438579,21.0085,41.3526,0.371429
rmse,last,9,0.001,70,500,1.0,0.0,3,2,5,1,10,551,349,16.8568,41.5236,0.438579,20.6497,41.2538,0.371429
rmse,last,9,0.001,70,500,1.0,0.0,3,2,5,1,10,551,350,16.9269,41.5535,0.438579,20.3226,41.2959,0.371429
rmse,last,9,0.001,70,500,1.0,0.0,3,2,5,1,10,551,-1,17.0542,41.5947,0.438838,20.9621,41.5538,0.371429
rmse,last,9,0.001,70,500,1.0,0.0,3,2,5,1,10,551,351,17.007,41.5736,0.438579,20.9177,41.2342,0.371429
rmse,last,9,0.001,70,500,1.0,0.0,3,2,5,1,10,551,352,17.0936,41.586,0.438579,21.9804,41.2189,0.371429
rmse,last,9,0.001,70,500,1.0,0.0,3,2,5,1,10,551,353,17.1504,41.6023,0.438579,22.2231,41.2318,0.371429
rmse,last,9,0.001,70,500,1.0,0.0,3,2,5,1,10,551,354,17.1689,41.6241,0.438579,21.4205,41.2008,0.371429
rmse,last,9,0.001,70,500,1.0,0.0,3,2,5,1,10,551,355,17.1964,41.6407,0.438579,20.9391,41.2369,0.371429
rmse,last,9,0.001,70,500,1.0,0.0,3,2,5,1,10,551,356,17.238,41.6503,0.438605,21.3945,41.2021,0.371429
rmse,last,9,0.001,70,500,1.0,0.0,3,2,5,1,10,551,357,17.2894,41.6551,0.438605,22.3194,41.1712,0.371429
rmse,last,9,0.001,70,500,1.0,0.0,3,2,5,1,10,551,358,17.3249,41.6611,0.438605,22.7386,41.2182,0.371429
rmse,last,9,0.001,70,500,1.0,0.0,3,2,5,1,10,551,359,17.3152,41.6735,0.438605,21.9296,41.164,0.371429
rmse,last,9,0.001,70,500,1.0,0.0,3,2,5,1,10,551,360,17.3136,41.6828,0.438605,21.3081,41.1964,0.371429
rmse,last,9,0.001,70,500,1.0,0.0,3,2,5,1,10,551,361,17.3247,41.6859,0.438605,21.5077,41.1783,0.371429
rmse,last,9,0.001,70,500,1.0,0.0,3,2,5,1,10,551,362,17.3486,41.6846,0.438605,22.2804,41.1364,0.371429
rmse,last,9,0.001,70,500,1.0,0.0,3,2,5,1,10,551,363,17.3689,41.683,0.438605,22.847,41.1838,0.371429
rmse,last,9,0.001,70,500,1.0,0.0,3,2,5,1,10,551,364,17.345,41.6882,0.438605,22.187,41.1237,0.371429
rmse,last,9,0.001,70,500,1.0,0.0,3,2,5,1,10,551,365,17.3255,41.6918,0.438605,21.6183,41.1457,0.371429
rmse,last,9,0.001,70,500,1.0,0.0,3,2,5,1,10,551,366,17.3211,41.6905,0.438605,21.7176,41.1314,0.371429
rmse,last,9,0.001,70,500,1.0,0.0,3,2,5,1,10,551,367,17.327,41.685,0.438631,22.3189,41.0982,0.371429
rmse,last,9,0.001,70,500,1.0,0.0,3,2,5,1,10,551,368,17.3292,41.6801,0.438631,22.7211,41.1293,0.371429
rmse,last,9,0.001,70,500,1.0,0.0,3,2,5,1,10,551,369,17.2958,41.6812,0.438631,22.1147,41.0848,0.371429
rmse,last,9,0.001,70,500,1.0,0.0,3,2,5,1,10,551,370,17.269,41.6806,0.438631,21.6516,41.1003,0.371429
rmse,last,9,0.001,70,500,1.0,0.0,3,2,5,1,10,551,371,17.2559,41.6757,0.438631,21.8091,41.0809,0.371429
rmse,last,9,0.001,70,500,1.0,0.0,3,2,5,1,10,551,372,17.2531,41.6678,0.438631,22.331,41.0628,0.371429
rmse,last,9,0.001,70,500,1.0,0.0,3,2,5,1,10,551,373,17.2389,41.6621,0.438631,22.4628,41.0718,0.371429
rmse,last,9,0.001,70,500,1.0,0.0,3,2,5,1,10,551,374,17.201,41.6609,0.438631,21.8933,41.0485,0.371429
rmse,last,9,0.001,70,500,1.0,0.0,3,2,5,1,10,551,375,17.1721,41.6576,0.438631,21.5739,41.0571,0.371429
rmse,last,9,0.001,70,500,1.0,0.0,3,2,5,1,10,551,376,17.1568,41.6504,0.438631,21.821,41.0339,0.371429
rmse,last,9,0.001,70,500,1.0,0.0,3,2,5,1,10,551,377,17.1483,41.6418,0.438631,22.2393,41.0356,0.371429
rmse,last,9,0.001,70,500,1.0,0.0,3,2,5,1,10,551,378,17.1208,41.637,0.438657,22.0783,41.0195,0.371429
rmse,last,9,0.001,70,500,1.0,0.0,3,2,5,1,10,551,379,17.0853,41.6342,0.438657,21.6411,41.0165,0.371429
rmse,last,9,0.001,70,500,1.0,0.0,3,2,5,1,10,551,380,17.0601,41.6289,0.438657,21.5477,41.013,0.371429
rmse,last,9,0.001,70,500,1.0,0.0,3,2,5,1,10,551,381,17.0454,41.621,0.438657,21.8321,40.9977,0.371429
rmse,last,9,0.001,70,500,1.0,0.0,3,2,5,1,10,551,382,17.0276,41.6137,0.438657,21.996,41.0032,0.371429
rmse,last,9,0.001,70,500,1.0,0.0,3,2,5,1,10,551,383,16.9955,41.6103,0.438657,21.6642,40.9869,0.371429
rmse,last,9,0.001,70,500,1.0,0.0,3,2,5,1,10,551,384,16.965,41.6063,0.438657,21.4061,40.9895,0.371429
rmse,last,9,0.001,70,500,1.0,0.0,3,2,5,1,10,551,385,16.9465,41.6,0.438657,21.5251,40.9779,0.371429
rmse,last,9,0.001,70,500,1.0,0.0,3,2,5,1,10,551,386,16.9334,41.5929,0.438683,21.7565,40.9776,0.371429
rmse,last,9,0.001,70,500,1.0,0.0,3,2,5,1,10,551,387,16.9086,41.5886,0.438683,21.6307,40.9688,0.371429
rmse,last,9,0.001,70,500,1.0,0.0,3,2,5,1,10,551,388,16.879,41.5856,0.438683,21.3484,40.9665,0.371429
rmse,last,9,0.001,70,500,1.0,0.0,3,2,5,1,10,551,389,16.8596,41.5812,0.438683,21.3171,40.9622,0.371429
rmse,last,9,0.001,70,500,1.0,0.0,3,2,5,1,10,551,390,16.8462,41.5753,0.438683,21.5041,40.9561,0.371429
rmse,last,9,0.001,70,500,1.0,0.0,3,2,5,1,10,551,391,16.829,41.5708,0.438683,21.532,40.9548,0.371429
rmse,last,9,0.001,70,500,1.0,0.0,3,2,5,1,10,551,392,16.8037,41.5685,0.438709,21.3051,40.9482,0.371429
rmse,last,9,0.001,70,500,1.0,0.0,3,2,5,1,10,551,393,16.785,41.5659,0.438709,21.189,40.9472,0.371429
rmse,last,9,0.001,70,500,1.0,0.0,3,2,5,1,10,551,394,16.7725,41.5616,0.438709,21.3079,40.9406,0.371429
rmse,last,9,0.001,70,500,1.0,0.0,3,2,5,1,10,551,395,16.7606,41.5577,0.438709,21.4062,40.9401,0.371429
rmse,last,9,0.001,70,500,1.0,0.0,3,2,5,1,10,551,396,16.7422,41.5562,0.438709,21.2659,40.9338,0.371429
rmse,last,9,0.001,70,500,1.0,0.0,3,2,5,1,10,551,397,16.7235,41.5547,0.438709,21.123,40.9326,0.371429
rmse,last,9,0.001,70,500,1.0,0.0,3,2,5,1,10,551,398,16.7135,41.5522,0.438709,21.1768,40.9275,0.371429
rmse,last,9,0.001,70,500,1.0,0.0,3,2,5,1,10,551,399,16.705,41.5494,0.438735,21.2906,40.9255,0.371429
rmse,last,9,0.001,70,500,1.0,0.0,3,2,5,1,10,551,400,16.6911,41.5481,0.438735,21.2294,40.9211,0.371429
rmse,last,9,0.001,70,500,1.0,0.0,3,2,5,1,10,551,-1,16.7006,41.549,0.438838,21.3298,41.4448,0.371429
rmse,last,9,0.001,70,500,1.0,0.0,3,2,5,1,10,551,401,16.6774,41.5479,0.438761,21.0948,40.9185,0.371429
rmse,last,9,0.001,70,500,1.0,0.0,3,2,5,1,10,551,402,16.6675,41.5467,0.438761,21.1001,40.915,0.371429
rmse,last,9,0.001,70,500,1.0,0.0,3,2,5,1,10,551,403,16.6612,41.5449,0.438761,21.2029,40.9117,0.371429
rmse,last,9,0.001,70,500,1.0,0.0,3,2,5,1,10,551,404,16.6521,41.5442,0.438761,21.1964,40.9087,0.371429
rmse,last,9,0.001,70,500,1.0,0.0,3,2,5,1,10,551,405,16.6403,41.5445,0.438761,21.0859,40.9053,0.371429
rmse,last,9,0.001,70,500,1.0,0.0,3,2,5,1,10,551,406,16.6305,41.5441,0.438761,21.062,40.9025,0.371429
rmse,last,9,0.001,70,500,1.0,0.0,3,2,5,1,10,551,407,16.6251,41.5431,0.438761,21.1441,40.8988,0.371429
rmse,last,9,0.001,70,500,1.0,0.0,3,2,5,1,10,551,408,16.6186,41.5427,0.438761,21.1675,40.8963,0.371429
rmse,last,9,0.001,70,500,1.0,0.0,3,2,5,1,10,551,409,16.6087,41.5432,0.438761,21.0837,40.8926,0.371429
rmse,last,9,0.001,70,500,1.0,0.0,3,2,5,1,10,551,410,16.6015,41.5437,0.438761,21.0456,40.8901,0.371429
rmse,last,9,0.001,70,500,1.0,0.0,3,2,5,1,10,551,411,16.5964,41.5432,0.438761,21.1064,40.8865,0.371429
rmse,last,9,0.001,70,500,1.0,0.0,3,2,5,1,10,551,412,16.5904,41.5429,0.438761,21.1413,40.884,0.371429
rmse,last,9,0.001,70,500,1.0,0.0,3,2,5,1,10,551,413,16.582,41.5434,0.438761,21.0797,40.8805,0.371429
rmse,last,9,0.001,70,500,1.0,0.0,3,2,5,1,10,551,414,16.5741,41.5439,0.438761,21.0373,40.8779,0.371429
rmse,last,9,0.001,70,500,1.0,0.0,3,2,5,1,10,551,415,16.5686,41.5436,0.438761,21.0801,40.8746,0.371429
rmse,last,9,0.001,70,500,1.0,0.0,3,2,5,1,10,551,416,16.5622,41.5433,0.438761,21.1156,40.872,0.371429
rmse,last,9,0.001,70,500,1.0,0.0,3,2,5,1,10,551,417,16.5548,41.5439,0.438761,21.0693,40.8687,0.371429
rmse,last,9,0.001,70,500,1.0,0.0,3,2,5,1,10,551,418,16.5466,41.5442,0.438761,21.0277,40.8661,0.371429
rmse,last,9,0.001,70,500,1.0,0.0,3,2,5,1,10,551,419,16.5406,41.544,0.438761,21.0572,40.8629,0.371429
rmse,last,9,0.001,70,500,1.0,0.0,3,2,5,1,10,551,420,16.5344,41.5437,0.438761,21.0876,40.8603,0.371429
rmse,last,9,0.001,70,500,1.0,0.0,3,2,5,1,10,551,421,16.5261,41.5438,0.438761,21.0505,40.8572,0.371429
rmse,last,9,0.001,70,500,1.0,0.0,3,2,5,1,10,551,422,16.5172,41.5439,0.438761,21.0123,40.8545,0.371429
rmse,last,9,0.001,70,500,1.0,0.0,3,2,5,1,10,551,423,16.5098,41.5436,0.438761,21.0325,40.8515,0.371429
rmse,last,9,0.001,70,500,1.0,0.0,3,2,5,1,10,551,424,16.504,41.5433,0.438761,21.0556,40.8488,0.371429
rmse,last,9,0.001,70,500,1.0,0.0,3,2,5,1,10,551,425,16.4946,41.5432,0.438761,21.0233,40.8459,0.371429
rmse,last,9,0.001,70,500,1.0,0.0,3,2,5,1,10,551,426,16.4864,41.5432,0.438761,20.9894,40.8432,0.371429
rmse,last,9,0.001,70,500,1.0,0.0,3,2,5,1,10,551,427,16.4782,41.5426,0.438761,21.0036,40.8402,0.371429
rmse,last,9,0.001,70,500,1.0,0.0,3,2,5,1,10,551,428,16.4713,41.5421,0.438761,21.0188,40.8375,0.371429
rmse,last,9,0.001,70,500,1.0,0.0,3,2,5,1,10,551,429,16.4622,41.5419,0.438761,20.9885,40.8346,0.371429
rmse,last,9,0.001,70,500,1.0,0.0,3,2,5,1,10,551,430,16.4529,41.5416,0.438761,20.9593,40.8319,0.371429
rmse,last,9,0.001,70,500,1.0,0.0,3,2,5,1,10,551,431,16.4448,41.5409,0.438761,20.9699,40.829,0.371429
rmse,last,9,0.001,70,500,1.0,0.0,3,2,5,1,10,551,432,16.4365,41.5403,0.438761,20.9774,40.8262,0.371429
rmse,last,9,0.001,70,500,1.0,0.0,3,2,5,1,10,551,433,16.427,41.5398,0.438761,20.9477,40.8234,0.371429
rmse,last,9,0.001,70,500,1.0,0.0,3,2,5,1,10,551,434,16.4175,41.5394,0.438761,20.9238,40.8206,0.371429
rmse,last,9,0.001,70,500,1.0,0.0,3,2,5,1,10,551,435,16.409,41.5386,0.438761,20.932,40.8177,0.371429
rmse,last,9,0.001,70,500,1.0,0.0,3,2,5,1,10,551,436,16.4001,41.5378,0.438761,20.9321,40.815,0.371429
rmse,last,9,0.001,70,500,1.0,0.0,3,2,5,1,10,551,437,16.3903,41.5374,0.438761,20.9029,40.8121,0.371429
rmse,last,9,0.001,70,500,1.0,0.0,3,2,5,1,10,551,438,16.3808,41.5367,0.438761,20.8846,40.8093,0.371429
rmse,last,9,0.001,70,500,1.0,0.0,3,2,5,1,10,551,439,16.3711,41.5358,0.438761,20.8908,40.8064,0.371429
rmse,last,9,0.001,70,500,1.0,0.0,3,2,5,1,10,551,440,16.3627,41.5351,0.438761,20.884,40.8036,0.371429
rmse,last,9,0.001,70,500,1.0,0.0,3,2,5,1,10,551,441,16.3523,41.5345,0.438761,20.8563,40.8007,0.371429
rmse,last,9,0.001,70,500,1.0,0.0,3,2,5,1,10,551,442,16.3433,41.5338,0.438761,20.8438,40.7979,0.371429
rmse,last,9,0.001,70,500,1.0,0.0,3,2,5,1,10,551,443,16.3343,41.5329,0.438761,20.8475,40.795,0.371429
rmse,last,9,0.001,70,500,1.0,0.0,3,2,5,1,10,551,444,16.3239,41.5321,0.438761,20.8344,40.7921,0.371429
rmse,last,9,0.001,70,500,1.0,0.0,3,2,5,1,10,551,445,16.315,41.5315,0.438761,20.8099,40.7892,0.371429
rmse,last,9,0.001,70,500,1.0,0.0,3,2,5,1,10,551,446,16.3057,41.5307,0.438761,20.8029,40.7863,0.371429
rmse,last,9,0.001,70,500,1.0,0.0,3,2,5,1,10,551,447,16.2966,41.5299,0.438761,20.8027,40.7833,0.371429
rmse,last,9,0.001,70,500,1.0,0.0,3,2,5,1,10,551,448,16.2871,41.5291,0.438761,20.7848,40.7803,0.371429
rmse,last,9,0.001,70,500,1.0,0.0,3,2,5,1,10,551,449,16.2774,41.5285,0.438761,20.7656,40.7774,0.371429
rmse,last,9,0.001,70,500,1.0,0.0,3,2,5,1,10,551,450,16.2683,41.5277,0.438761,20.7629,40.7743,0.371429
rmse,last,9,0.001,70,500,1.0,0.0,3,2,5,1,10,551,-1,16.2822,41.5303,0.438838,20.9994,41.3806,0.371429
rmse,last,9,0.001,70,500,1.0,0.0,3,2,5,1,10,551,451,16.2592,41.527,0.438761,20.7571,40.7713,0.371429
rmse,last,9,0.001,70,500,1.0,0.0,3,2,5,1,10,551,452,16.2493,41.5263,0.438761,20.7374,40.7682,0.371429
rmse,last,9,0.001,70,500,1.0,0.0,3,2,5,1,10,551,453,16.2404,41.5256,0.438761,20.7253,40.7652,0.371429
rmse,last,9,0.001,70,500,1.0,0.0,3,2,5,1,10,551,454,16.2315,41.5249,0.438761,20.7236,40.762,0.371429
rmse,last,9,0.001,70,500,1.0,0.0,3,2,5,1,10,551,455,16.2214,41.5241,0.438761,20.7118,40.7589,0.371429
rmse,last,9,0.001,70,500,1.0,0.0,3,2,5,1,10,551,456,16.2131,41.5236,0.438761,20.6948,40.7557,0.371429
rmse,last,9,0.001,70,500,1.0,0.0,3,2,5,1,10,551,457,16.2036,41.5229,0.438761,20.6895,40.7524,0.371429
rmse,last,9,0.001,70,500,1.0,0.0,3,2,5,1,10,551,458,16.1955,41.5222,0.438761,20.6847,40.7492,0.371429
rmse,last,9,0.001,70,500,1.0,0.0,3,2,5,1,10,551,459,16.1865,41.5216,0.438761,20.6695,40.7459,0.371429
rmse,last,9,0.001,70,500,1.0,0.0,3,2,5,1,10,551,460,16.1776,41.521,0.438761,20.6594,40.7425,0.371429
rmse,last,9,0.001,70,500,1.0,0.0,3,2,5,1,10,551,461,16.1691,41.5204,0.438761,20.657,40.7392,0.371429
rmse,last,9,0.001,70,500,1.0,0.0,3,2,5,1,10,551,462,16.1604,41.5198,0.438761,20.6467,40.7358,0.371429
rmse,last,9,0.001,70,500,1.0,0.0,3,2,5,1,10,551,463,16.1518,41.5193,0.438761,20.6345,40.7324,0.371429
rmse,last,9,0.001,70,500,1.0,0.0,3,2,5,1,10,551,464,16.1434,41.5188,0.438761,20.6312,40.7289,0.371429
rmse,last,9,0.001,70,500,1.0,0.0,3,2,5,1,10,551,465,16.1341,41.5182,0.438761,20.6254,40.7255,0.371429
rmse,last,9,0.001,70,500,1.0,0.0,3,2,5,1,10,551,466,16.1267,41.5178,0.438761,20.6137,40.7221,0.371429
rmse,last,9,0.001,70,500,1.0,0.0,3,2,5,1,10,551,467,16.1186,41.5174,0.438761,20.609,40.7186,0.371429
rmse,last,9,0.001,70,500,1.0,0.0,3,2,5,1,10,551,468,16.1106,41.5169,0.438761,20.6058,40.7152,0.371429
rmse,last,9,0.001,70,500,1.0,0.0,3,2,5,1,10,551,469,16.1025,41.5165,0.438761,20.5959,40.7118,0.371429
rmse,last,9,0.001,70,500,1.0,0.0,3,2,5,1,10,551,470,16.0946,41.5162,0.438735,20.5903,40.7085,0.371429
rmse,last,9,0.001,70,500,1.0,0.0,3,2,5,1,10,551,471,16.0859,41.5157,0.438735,20.5881,40.7052,0.371429
rmse,last,9,0.001,70,500,1.0,0.0,3,2,5,1,10,551,472,16.0784,41.5155,0.438709,20.58,40.7019,0.371429
rmse,last,9,0.001,70,500,1.0,0.0,3,2,5,1,10,551,473,16.0716,41.5154,0.438709,20.5739,40.6987,0.371429
rmse,last,9,0.001,70,500,1.0,0.0,3,2,5,1,10,551,474,16.0637,41.5151,0.438709,20.5718,40.6955,0.371429
rmse,last,9,0.001,70,500,1.0,0.0,3,2,5,1,10,551,475,16.0569,41.515,0.438709,20.5649,40.6924,0.371429
rmse,last,9,0.001,70,500,1.0,0.0,3,2,5,1,10,551,476,16.0497,41.5148,0.438709,20.5587,40.6893,0.371429
rmse,last,9,0.001,70,500,1.0,0.0,3,2,5,1,10,551,477,16.0426,41.5148,0.438709,20.5563,40.6862,0.371429
rmse,last,9,0.001,70,500,1.0,0.0,3,2,5,1,10,551,478,16.0356,41.5148,0.438709,20.5501,40.6832,0.371429
rmse,last,9,0.001,70,500,1.0,0.0,3,2,5,1,10,551,479,16.0286,41.5149,0.438709,20.5438,40.6802,0.371429
rmse,last,9,0.001,70,500,1.0,0.0,3,2,5,1,10,551,480,16.0218,41.515,0.438709,20.5411,40.6771,0.371429
rmse,last,9,0.001,70,500,1.0,0.0,3,2,5,1,10,551,481,16.015,41.5151,0.438683,20.5351,40.6741,0.371429
rmse,last,9,0.001,70,500,1.0,0.0,3,2,5,1,10,551,482,16.0082,41.5153,0.438683,20.5289,40.671,0.371429
rmse,last,9,0.001,70,500,1.0,0.0,3,2,5,1,10,551,483,16.0017,41.5155,0.438683,20.5256,40.668,0.371429
rmse,last,9,0.001,70,500,1.0,0.0,3,2,5,1,10,551,484,15.9949,41.5157,0.438683,20.5195,40.6649,0.371429
rmse,last,9,0.001,70,500,1.0,0.0,3,2,5,1,10,551,485,15.9875,41.5158,0.438683,20.5133,40.6618,0.371429
rmse,last,9,0.001,70,500,1.0,0.0,3,2,5,1,10,551,486,15.9817,41.5161,0.438683,20.5095,40.6587,0.371429
rmse,last,9,0.001,70,500,1.0,0.0,3,2,5,1,10,551,487,15.975,41.5164,0.438683,20.503,40.6556,0.371429
rmse,last,9,0.001,70,500,1.0,0.0,3,2,5,1,10,551,488,15.9683,41.5166,0.438683,20.4967,40.6524,0.371429
rmse,last,9,0.001,70,500,1.0,0.0,3,2,5,1,10,551,489,15.9616,41.5168,0.438683,20.4922,40.6493,0.371429
rmse,last,9,0.001,70,500,1.0,0.0,3,2,5,1,10,551,490,15.9541,41.517,0.438683,20.4852,40.6462,0.371429
rmse,last,9,0.001,70,500,1.0,0.0,3,2,5,1,10,551,491,15.9471,41.5172,0.438683,20.4787,40.643,0.371429
rmse,last,9,0.001,70,500,1.0,0.0,3,2,5,1,10,551,492,15.9405,41.5174,0.438683,20.4733,40.6399,0.371429
rmse,last,9,0.001,70,500,1.0,0.0,3,2,5,1,10,551,493,15.9339,41.5176,0.438683,20.4656,40.6368,0.371429
rmse,last,9,0.001,70,500,1.0,0.0,3,2,5,1,10,551,494,15.9268,41.5177,0.438683,20.4589,40.6336,0.371429
rmse,last,9,0.001,70,500,1.0,0.0,3,2,5,1,10,551,495,15.9196,41.5178,0.438683,20.4523,40.6305,0.371429
rmse,last,9,0.001,70,500,1.0,0.0,3,2,5,1,10,551,496,15.9123,41.5179,0.438683,20.444,40.6274,0.371429
rmse,last,9,0.001,70,500,1.0,0.0,3,2,5,1,10,551,497,15.904,41.5177,0.438683,20.4369,40.6242,0.371429
rmse,last,9,0.001,70,500,1.0,0.0,3,2,5,1,10,551,498,15.8973,41.5178,0.438683,20.4293,40.6211,0.371429
rmse,last,9,0.001,70,500,1.0,0.0,3,2,5,1,10,551,499,15.8897,41.5178,0.438683,20.4205,40.6179,0.371429
rmse,last,9,0.001,70,500,1.0,0.0,3,2,5,1,10,551,0,15.8675,41.5133,0.438838,20.7851,40.6839,0.371429
rmse,last,9,0.001,70,500,1.0,0.0,3,2,5,1,10,551,1,15.8512,41.5155,0.438838,20.5045,40.6843,0.371429
rmse,last,9,0.001,70,500,1.0,0.0,3,2,5,1,10,551,2,15.8476,41.5153,0.438838,20.5911,40.6765,0.371429
rmse,last,9,0.001,70,500,1.0,0.0,3,2,5,1,10,551,3,15.8501,41.5141,0.438838,20.8338,40.6795,0.371429
rmse,last,9,0.001,70,500,1.0,0.0,3,2,5,1,10,551,4,15.8345,41.5167,0.438838,20.5689,40.669,0.371429
rmse,last,9,0.001,70,500,1.0,0.0,3,2,5,1,10,551,5,15.8286,41.518,0.438838,20.5261,40.6663,0.371429
rmse,last,9,0.001,70,500,1.0,0.0,3,2,5,1,10,551,6,15.8316,41.5172,0.438838,20.7625,40.6612,0.371429
rmse,last,9,0.001,70,500,1.0,0.0,3,2,5,1,10,551,7,15.823,41.5189,0.438838,20.6713,40.6531,0.371429
rmse,last,9,0.001,70,500,1.0,0.0,3,2,5,1,10,551,8,15.8133,41.5211,0.438838,20.5319,40.6512,0.371429
rmse,last,9,0.001,70,500,1.0,0.0,3,2,5,1,10,551,9,15.8138,41.5214,0.438838,20.6625,40.6434,0.371429
rmse,last,9,0.001,70,500,1.0,0.0,3,2,5,1,10,551,10,15.8115,41.5221,0.438838,20.7317,40.6409,0.371429
rmse,last,9,0.001,70,500,1.0,0.0,3,2,5,1,10,551,11,15.8003,41.5247,0.438838,20.5455,40.6364,0.371429
rmse,last,9,0.001,70,500,1.0,0.0,3,2,5,1,10,551,12,15.7973,41.5255,0.438838,20.5997,40.6303,0.371429
rmse,last,9,0.001,70,500,1.0,0.0,3,2,5,1,10,551,13,15.7974,41.5256,0.438838,20.7448,40.6294,0.371429
rmse,last,9,0.001,70,500,1.0,0.0,3,2,5,1,10,551,14,15.7859,41.528,0.438838,20.5638,40.6236,0.371429
rmse,last,9,0.001,70,500,1.0,0.0,3,2,5,1,10,551,15,15.7811,41.5289,0.438838,20.5777,40.6196,0.371429
rmse,last,9,0.001,70,500,1.0,0.0,3,2,5,1,10,551,16,15.7802,41.5288,0.438838,20.7314,40.6186,0.371429
rmse,last,9,0.001,70,500,1.0,0.0,3,2,5,1,10,551,17,15.7698,41.531,0.438838,20.5765,40.6134,0.371429
rmse,last,9,0.001,70,500,1.0,0.0,3,2,5,1,10,551,18,15.7635,41.5318,0.438838,20.5741,40.6106,0.371429
rmse,last,9,0.001,70,500,1.0,0.0,3,2,5,1,10,551,19,15.7614,41.5315,0.438838,20.7087,40.6095,0.371429
rmse,last,9,0.001,70,500,1.0,0.0,3,2,5,1,10,551,20,15.7506,41.5332,0.438838,20.5767,40.6053,0.371429
rmse,last,9,0.001,70,500,1.0,0.0,3,2,5,1,10,551,21,15.7446,41.534,0.438838,20.5727,40.6029,0.371429
rmse,last,9,0.001,70,500,1.0,0.0,3,2,5,1,10,551,22,15.7417,41.5337,0.438838,20.6832,40.6018,0.371429
rmse,last,9,0.001,70,500,1.0,0.0,3,2,5,1,10,551,23,15.7305,41.5351,0.438838,20.5637,40.5984,0.371429
rmse,last,9,0.001,70,500,1.0,0.0,3,2,5,1,10,551,24,15.7225,41.5353,0.438838,20.5672,40.596,0.371429
rmse,last,9,0.001,70,500,1.0,0.0,3,2,5,1,10,551,25,15.7192,41.535,0.438838,20.6558,40.5949,0.371429
rmse,last,9,0.001,70,500,1.0,0.0,3,2,5,1,10,551,26,15.7066,41.5362,0.438838,20.5402,40.5921,0.371429
rmse,last,9,0.001,70,500,1.0,0.0,3,2,5,1,10,551,27,15.6998,41.5363,0.438838,20.5558,40.5895,0.371429
rmse,last,9,0.001,70,500,1.0,0.0,3,2,5,1,10,551,28,15.695,41.5359,0.438838,20.6257,40.5883,0.371429
rmse,last,9,0.001,70,500,1.0,0.0,3,2,5,1,10,551,29,15.6828,41.5369,0.438838,20.5091,40.5858,0.371429
rmse,last,9,0.001,70,500,1.0,0.0,3,2,5,1,10,551,30,15.6757,41.5367,0.438838,20.5388,40.5829,0.371429
rmse,last,9,0.001,70,500,1.0,0.0,3,2,5,1,10,551,31,15.6694,41.5363,0.438838,20.5923,40.5817,0.371429
rmse,last,9,0.001,70,500,1.0,0.0,3,2,5,1,10,551,32,15.6567,41.5372,0.438838,20.4734,40.5795,0.371429
rmse,last,9,0.001,70,500,1.0,0.0,3,2,5,1,10,551,33,15.6499,41.5367,0.438838,20.5172,40.5764,0.371429
rmse,last,9,0.001,70,500,1.0,0.0,3,2,5,1,10,551,34,15.6427,41.5363,0.438838,20.5555,40.575,0.371429
rmse,last,9,0.001,70,500,1.0,0.0,3,2,5,1,10,551,35,15.6298,41.5371,0.438838,20.4361,40.573,0.371429
rmse,last,9,0.001,70,500,1.0,0.0,3,2,5,1,10,551,36,15.6224,41.5364,0.438838,20.4919,40.5697,0.371429
rmse,last,9,0.001,70,500,1.0,0.0,3,2,5,1,10,551,37,15.6154,41.5362,0.438838,20.5153,40.5681,0.371429
rmse,last,9,0.001,70,500,1.0,0.0,3,2,5,1,10,551,38,15.6025,41.5369,0.438838,20.3996,40.5664,0.371429
rmse,last,9,0.001,70,500,1.0,0.0,3,2,5,1,10,551,39,15.5957,41.5361,0.438838,20.4641,40.5631,0.371429
rmse,last,9,0.001,70,500,1.0,0.0,3,2,5,1,10,551,40,15.5877,41.5359,0.438838,20.4717,40.5612,0.371429
rmse,last,9,0.001,70,500,1.0,0.0,3,2,5,1,10,551,41,15.5745,41.5365,0.438838,20.3662,40.5596,0.371429
rmse,last,9,0.001,70,500,1.0,0.0,3,2,5,1,10,551,42,15.5689,41.5358,0.438838,20.4347,40.5564,0.371429
rmse,last,9,0.001,70,500,1.0,0.0,3,2,5,1,10,551,43,15.5592,41.5356,0.438838,20.4248,40.5543,0.371429
rmse,last,9,0.001,70,500,1.0,0.0,3,2,5,1,10,551,44,15.548,41.5361,0.438838,20.3377,40.5527,0.371429
rmse,last,9,0.001,70,500,1.0,0.0,3,2,5,1,10,551,45,15.541,41.5354,0.438838,20.4039,40.5499,0.371429
rmse,last,9,0.001,70,500,1.0,0.0,3,2,5,1,10,551,46,15.5314,41.5355,0.438838,20.3754,40.5475,0.371429
rmse,last,9,0.001,70,500,1.0,0.0,3,2,5,1,10,551,47,15.5205,41.5358,0.438838,20.3146,40.5458,0.371429
rmse,last,9,0.001,70,500,1.0,0.0,3,2,5,1,10,551,48,15.5141,41.5352,0.438838,20.3713,40.5434,0.371429
rmse,last,9,0.001,70,500,1.0,0.0,3,2,5,1,10,551,49,15.504,41.5354,0.438838,20.3256,40.541,0.371429
rmse,last,9,0.001,70,500,1.0,0.0,3,2,5,1,10,551,50,15.495,41.5357,0.438838,20.2958,40.539,0.371429
rmse,last,9,0.001,70,500,1.0,0.0,3,2,5,1,10,551,-1,15.5195,41.5434,0.438838,20.3312,41.2732,0.371429
rmse,last,9,0.001,70,500,1.0,0.0,3,2,5,1,10,551,51,15.4876,41.5353,0.438838,20.3359,40.537,0.371429
rmse,last,9,0.001,70,500,1.0,0.0,3,2,5,1,10,551,52,15.4781,41.5357,0.438838,20.2787,40.5347,0.371429
rmse,last,9,0.001,70,500,1.0,0.0,3,2,5,1,10,551,53,15.4694,41.5357,0.438838,20.2789,40.5325,0.371429
rmse,last,9,0.001,70,500,1.0,0.0,3,2,5,1,10,551,54,15.4623,41.5356,0.438838,20.2968,40.5305,0.371429
rmse,last,9,0.001,70,500,1.0,0.0,3,2,5,1,10,551,55,15.4522,41.536,0.438838,20.2393,40.5284,0.371429
rmse,last,9,0.001,70,500,1.0,0.0,3,2,5,1,10,551,56,15.4442,41.5359,0.438838,20.2606,40.5262,0.371429
rmse,last,9,0.001,70,500,1.0,0.0,3,2,5,1,10,551,57,15.4367,41.5361,0.438838,20.2542,40.5241,0.371429
rmse,last,9,0.001,70,500,1.0,0.0,3,2,5,1,10,551,58,15.4272,41.5365,0.438838,20.21,40.5222,0.371429
rmse,last,9,0.001,70,500,1.0,0.0,3,2,5,1,10,551,59,15.4203,41.5364,0.438838,20.2382,40.52,0.371429
rmse,last,9,0.001,70,500,1.0,0.0,3,2,5,1,10,551,60,15.4115,41.5369,0.438838,20.2103,40.5179,0.371429
rmse,last,9,0.001,70,500,1.0,0.0,3,2,5,1,10,551,61,15.403,41.5372,0.438838,20.1896,40.5158,0.371429
rmse,last,9,0.001,70,500,1.0,0.0,3,2,5,1,10,551,62,15.3952,41.5371,0.438838,20.2094,40.5138,0.371429
rmse,last,9,0.001,70,500,1.0,0.0,3,2,5,1,10,551,63,15.387,41.5377,0.438838,20.1701,40.5117,0.371429
rmse,last,9,0.001,70,500,1.0,0.0,3,2,5,1,10,551,64,15.3788,41.5379,0.438838,20.1733,40.5096,0.371429
rmse,last,9,0.001,70,500,1.0,0.0,3,2,5,1,10,551,65,15.372,41.5381,0.438838,20.1738,40.5076,0.371429
rmse,last,9,0.001,70,500,1.0,0.0,3,2,5,1,10,551,66,15.3633,41.5387,0.438838,20.139,40.5056,0.371429
rmse,last,9,0.001,70,500,1.0,0.0,3,2,5,1,10,551,67,15.3564,41.5389,0.438838,20.1546,40.5035,0.371429
rmse,last,9,0.001,70,500,1.0,0.0,3,2,5,1,10,551,68,15.3483,41.5394,0.438838,20.1343,40.5014,0.371429
rmse,last,9,0.001,70,500,1.0,0.0,3,2,5,1,10,551,69,15.3404,41.5399,0.438838,20.118,40.4994,0.371429
rmse,last,9,0.001,70,500,1.0,0.0,3,2,5,1,10,551,70,15.3335,41.54,0.438838,20.1284,40.4974,0.371429
rmse,last,9,0.001,70,500,1.0,0.0,3,2,5,1,10,551,71,15.3251,41.5407,0.438838,20.0979,40.4954,0.371429
rmse,last,9,0.001,70,500,1.0,0.0,3,2,5,1,10,551,72,15.318,41.5411,0.438838,20.1015,40.4933,0.371429
rmse,last,9,0.001,70,500,1.0,0.0,3,2,5,1,10,551,73,15.3106,41.5415,0.438838,20.0938,40.4913,0.371429
rmse,last,9,0.001,70,500,1.0,0.0,3,2,5,1,10,551,74,15.3026,41.5421,0.438838,20.0714,40.4893,0.371429
rmse,last,9,0.001,70,500,1.0,0.0,3,2,5,1,10,551,75,15.2958,41.5424,0.438838,20.0805,40.4873,0.371429
rmse,last,9,0.001,70,500,1.0,0.0,3,2,5,1,10,551,76,15.2879,41.543,0.438838,20.0573,40.4852,0.371429
rmse,last,9,0.001,70,500,1.0,0.0,3,2,5,1,10,551,77,15.2807,41.5435,0.438838,20.0533,40.4832,0.371429
rmse,last,9,0.001,70,500,1.0,0.0,3,2,5,1,10,551,78,15.2729,41.5439,0.438838,20.05,40.4812,0.371429
rmse,last,9,0.001,70,500,1.0,0.0,3,2,5,1,10,551,79,15.2658,41.5446,0.438838,20.0281,40.4792,0.371429
rmse,last,9,0.001,70,500,1.0,0.0,3,2,5,1,10,551,80,15.259,41.545,0.438838,20.0338,40.4772,0.371429
rmse,last,9,0.001,70,500,1.0,0.0,3,2,5,1,10,551,81,15.2504,41.5456,0.438838,20.0146,40.4752,0.371429
rmse,last,9,0.001,70,500,1.0,0.0,3,2,5,1,10,551,82,15.2442,41.5462,0.438838,20.0087,40.4732,0.371429
rmse,last,9,0.001,70,500,1.0,0.0,3,2,5,1,10,551,83,15.2372,41.5467,0.438838,20.0047,40.4712,0.371429
rmse,last,9,0.001,70,500,1.0,0.0,3,2,5,1,10,551,84,15.2296,41.5475,0.438838,19.9857,40.4692,0.371429
rmse,last,9,0.001,70,500,1.0,0.0,3,2,5,1,10,551,85,15.2228,41.5479,0.438838,19.9885,40.4672,0.371429
rmse,last,9,0.001,70,500,1.0,0.0,3,2,5,1,10,551,86,15.2154,41.5486,0.438838,19.9705,40.4652,0.371429
rmse,last,9,0.001,70,500,1.0,0.0,3,2,5,1,10,551,87,15.2084,41.5492,0.438838,19.966,40.4632,0.371429
rmse,last,9,0.001,70,500,1.0,0.0,3,2,5,1,10,551,88,15.2014,41.5498,0.438838,19.9586,40.4612,0.371429
rmse,last,9,0.001,70,500,1.0,0.0,3,2,5,1,10,551,89,15.1941,41.5505,0.438838,19.9436,40.4592,0.371429
rmse,last,9,0.001,70,500,1.0,0.0,3,2,5,1,10,551,90,15.1873,41.5511,0.438838,19.9436,40.4573,0.371429
rmse,last,9,0.001,70,500,1.0,0.0,3,2,5,1,10,551,91,15.18,41.5518,0.438838,19.9259,40.4553,0.371429
rmse,last,9,0.001,70,500,1.0,0.0,3,2,5,1,10,551,92,15.1732,41.5524,0.438838,19.924,40.4533,0.371429
rmse,last,9,0.001,70,500,1.0,0.0,3,2,5,1,10,551,93,15.1651,41.5531,0.438838,19.9118,40.4513,0.371429
rmse,last,9,0.001,70,500,1.0,0.0,3,2,5,1,10,551,94,15.1585,41.5538,0.438838,19.9025,40.4494,0.371429
rmse,last,9,0.001,70,500,1.0,0.0,3,2,5,1,10,551,95,15.1513,41.5544,0.438838,19.8977,40.4474,0.371429
rmse,last,9,0.001,70,500,1.0,0.0,3,2,5,1,10,551,96,15.1452,41.5552,0.438838,19.8826,40.4454,0.371429
rmse,last,9,0.001,70,500,1.0,0.0,3,2,5,1,10,551,97,15.1382,41.5559,0.438838,19.881,40.4435,0.371429
rmse,last,9,0.001,70,500,1.0,0.0,3,2,5,1,10,551,98,15.1314,41.5567,0.438838,19.8654,40.4415,0.371429
rmse,last,9,0.001,70,500,1.0,0.0,3,2,5,1,10,551,99,15.1248,41.5573,0.438838,19.8621,40.4395,0.371429
rmse,last,9,0.001,70,500,1.0,0.0,3,2,5,1,10,551,100,15.1169,41.5581,0.438838,19.8499,40.4376,0.371429
rmse,last,9,0.001,70,500,1.0,0.0,3,2,5,1,10,551,-1,15.1408,41.5657,0.438838,19.8954,41.2352,0.371429
rmse,last,9,0.001,70,500,1.0,0.0,3,2,5,1,10,551,101,15.1111,41.5589,0.438838,19.8422,40.4356,0.371429
rmse,last,9,0.001,70,500,1.0,0.0,3,2,5,1,10,551,102,15.1044,41.5597,0.438838,19.8346,40.4337,0.371429
rmse,last,9,0.001,70,500,1.0,0.0,3,2,5,1,10,551,103,15.0976,41.5605,0.438838,19.8228,40.4317,0.371429
rmse,last,9,0.001,70,500,1.0,0.0,3,2,5,1,10,551,104,15.091,41.5613,0.438838,19.8184,40.4298,0.371429
rmse,last,9,0.001,70,500,1.0,0.0,3,2,5,1,10,551,105,15.0841,41.5621,0.438838,19.8043,40.4278,0.371429
rmse,last,9,0.001,70,500,1.0,0.0,3,2,5,1,10,551,106,15.0771,41.5629,0.438838,19.8013,40.4259,0.371429
rmse,last,9,0.001,70,500,1.0,0.0,3,2,5,1,10,551,107,15.0709,41.5638,0.438838,19.7868,40.4239,0.371429
rmse,last,9,0.001,70,500,1.0,0.0,3,2,5,1,10,551,108,15.0638,41.5646,0.438838,19.7835,40.422,0.371429
rmse,last,9,0.001,70,500,1.0,0.0,3,2,5,1,10,551,109,15.0577,41.5655,0.438838,19.7697,40.4201,0.371429
rmse,last,9,0.001,70,500,1.0,0.0,3,2,5,1,10,551,110,15.0513,41.5664,0.438838,19.7655,40.4181,0.371429
rmse,last,9,0.001,70,500,1.0,0.0,3,2,5,1,10,551,111,15.0447,41.5673,0.438838,19.7526,40.4162,0.371429
rmse,last,9,0.001,70,500,1.0,0.0,3,2,5,1,10,551,112,15.0384,41.5682,0.438838,19.7476,40.4142,0.371429
rmse,last,9,0.001,70,500,1.0,0.0,3,2,5,1,10,551,113,15.0318,41.5691,0.438838,19.7354,40.4123,0.371429
rmse,last,9,0.001,70,500,1.0,0.0,3,2,5,1,10,551,114,15.0248,41.57,0.438838,19.73,40.4104,0.371429
rmse,last,9,0.001,70,500,1.0,0.0,3,2,5,1,10,551,115,15.019,41.5711,0.438838,19.718,40.4084,0.371429
rmse,last,9,0.001,70,500,1.0,0.0,3,2,5,1,10,551,116,15.0128,41.572,0.438838,19.7126,40.4065,0.371429
rmse,last,9,0.001,70,500,1.0,0.0,3,2,5,1,10,551,117,15.0064,41.5731,0.438838,19.7002,40.4046,0.371429
rmse,last,9,0.001,70,500,1.0,0.0,3,2,5,1,10,551,118,15.0003,41.5741,0.438838,19.6957,40.4027,0.371429
rmse,last,9,0.001,70,500,1.0,0.0,3,2,5,1,10,551,119,14.9939,41.5751,0.438838,19.6818,40.4007,0.371429
rmse,last,9,0.001,70,500,1.0,0.0,3,2,5,1,10,551,120,14.9879,41.5761,0.438838,19.6795,40.3988,0.371429
rmse,last,9,0.001,70,500,1.0,0.0,3,2,5,1,10,551,121,14.9815,41.5773,0.438838,19.6625,40.3969,0.371429
rmse,last,9,0.001,70,500,1.0,0.0,3,2,5,1,10,551,122,14.9757,41.5783,0.438838,19.6647,40.395,0.371429
rmse,last,9,0.001,70,500,1.0,0.0,3,2,5,1,10,551,123,14.9685,41.5794,0.438838,19.6412,40.3931,0.371429
rmse,last,9,0.001,70,500,1.0,0.0,3,2,5,1,10,551,124,14.9638,41.5804,0.438838,19.6527,40.3912,0.371429
rmse,last,9,0.001,70,500,1.0,0.0,3,2,5,1,10,551,125,14.9567,41.5819,0.438838,19.6156,40.3894,0.371429
rmse,last,9,0.001,70,500,1.0,0.0,3,2,5,1,10,551,126,14.9522,41.5826,0.438838,19.647,40.3876,0.371429
rmse,last,9,0.001,70,500,1.0,0.0,3,2,5,1,10,551,127,14.9441,41.5843,0.438838,19.5799,40.3861,0.371429
rmse,last,9,0.001,70,500,1.0,0.0,3,2,5,1,10,551,128,14.9412,41.5847,0.438838,19.6549,40.3849,0.371429
rmse,last,9,0.001,70,500,1.0,0.0,3,2,5,1,10,551,129,14.9309,41.5873,0.438838,19.5206,40.3851,0.371429
rmse,last,9,0.001,70,500,1.0,0.0,3,2,5,1,10,551,130,14.9312,41.5866,0.438838,19.6901,40.3859,0.371429
rmse,last,9,0.001,70,500,1.0,0.0,3,2,5,1,10,551,131,14.9158,41.5909,0.438838,19.4101,40.3945,0.371429
rmse,last,9,0.001,70,500,1.0,0.0,3,2,5,1,10,551,132,14.9209,41.5883,0.438838,19.746,40.3943,0.371429
rmse,last,9,0.001,70,500,1.0,0.0,3,2,5,1,10,551,133,14.8999,41.5948,0.438838,19.2752,40.4178,0.371429
rmse,last,9,0.001,70,500,1.0,0.0,3,2,5,1,10,551,134,14.9085,41.591,0.438838,19.7036,40.386,0.371429
rmse,last,9,0.001,70,500,1.0,0.0,3,2,5,1,10,551,135,14.8946,41.5951,0.438838,19.4322,40.3779,0.371429
rmse,last,9,0.001,70,500,1.0,0.0,3,2,5,1,10,551,136,14.8951,41.5944,0.438838,19.6012,40.371,0.371429
rmse,last,9,0.001,70,500,1.0,0.0,3,2,5,1,10,551,137,14.8854,41.5969,0.438838,19.4766,40.3679,0.371429
rmse,last,9,0.001,70,500,1.0,0.0,3,2,5,1,10,551,138,14.8822,41.5973,0.438838,19.5571,40.3655,0.371429
rmse,last,9,0.001,70,500,1.0,0.0,3,2,5,1,10,551,139,14.8733,41.5995,0.438838,19.4634,40.3639,0.371429
rmse,last,9,0.001,70,500,1.0,0.0,3,2,5,1,10,551,140,14.8722,41.5998,0.438838,19.5547,40.3627,0.371429
rmse,last,9,0.001,70,500,1.0,0.0,3,2,5,1,10,551,141,14.8616,41.6029,0.438838,19.4046,40.3637,0.371429
rmse,last,9,0.001,70,500,1.0,0.0,3,2,5,1,10,551,142,14.8631,41.602,0.438838,19.5982,40.3658,0.371429
rmse,last,9,0.001,70,500,1.0,0.0,3,2,5,1,10,551,143,14.8464,41.6073,0.438838,19.27,40.3813,0.371429
rmse,last,9,0.001,70,500,1.0,0.0,3,2,5,1,10,551,144,14.8547,41.6041,0.438838,19.6624,40.3784,0.371429
rmse,last,9,0.001,70,500,1.0,0.0,3,2,5,1,10,551,145,14.8313,41.6118,0.438838,19.1333,40.4113,0.371429
rmse,last,9,0.001,70,500,1.0,0.0,3,2,5,1,10,551,146,14.8416,41.6076,0.438838,19.5726,40.3603,0.371429
rmse,last,9,0.001,70,500,1.0,0.0,3,2,5,1,10,551,147,14.8307,41.6106,0.438838,19.4174,40.3477,0.371429
rmse,last,9,0.001,70,500,1.0,0.0,3,2,5,1,10,551,148,14.8233,41.6127,0.438838,19.3599,40.3488,0.371429
rmse,last,9,0.001,70,500,1.0,0.0,3,2,5,1,10,551,149,14.8264,41.6118,0.438838,19.5757,40.3606,0.371429
rmse,last,9,0.001,70,500,1.0,0.0,3,2,5,1,10,551,150,14.8034,41.6194,0.438838,19.0829,40.4067,0.371429
rmse,last,9,0.001,70,500,1.0,0.0,3,2,5,1,10,551,-1,14.839,41.6195,0.438838,19.6411,41.2433,0.371429
rmse,last,9,0.001,70,500,1.0,0.0,3,2,5,1,10,551,151,14.8158,41.6147,0.438838,19.5575,40.3571,0.371429
rmse,last,9,0.001,70,500,1.0,0.0,3,2,5,1,10,551,152,14.8022,41.6191,0.438838,19.2983,40.3444,0.371429
rmse,last,9,0.001,70,500,1.0,0.0,3,2,5,1,10,551,153,14.8015,41.6191,0.438838,19.4186,40.3373,0.371429
rmse,last,9,0.001,70,500,1.0,0.0,3,2,5,1,10,551,154,14.795,41.6212,0.438838,19.3705,40.3344,0.371429
rmse,last,9,0.001,70,500,1.0,0.0,3,2,5,1,10,551,155,14.7889,41.6232,0.438838,19.3315,40.3332,0.371429
rmse,last,9,0.001,70,500,1.0,0.0,3,2,5,1,10,551,156,14.7866,41.6236,0.438838,19.42,40.334,0.371429
rmse,last,9,0.001,70,500,1.0,0.0,3,2,5,1,10,551,157,14.7755,41.6279,0.438838,19.2206,40.3406,0.371429
rmse,last,9,0.001,70,500,1.0,0.0,3,2,5,1,10,551,158,14.7804,41.6259,0.438838,19.5073,40.3479,0.371429
rmse,last,9,0.001,70,500,1.0,0.0,3,2,5,1,10,551,159,14.7589,41.6342,0.438838,19.0211,40.3895,0.371429
rmse,last,9,0.001,70,500,1.0,0.0,3,2,5,1,10,551,160,14.7691,41.6295,0.438838,19.4708,40.3405,0.371429
rmse,last,9,0.001,70,500,1.0,0.0,3,2,5,1,10,551,161,14.7569,41.6345,0.438838,19.2141,40.3283,0.371429
rmse,last,9,0.001,70,500,1.0,0.0,3,2,5,1,10,551,162,14.757,41.6344,0.438838,19.3443,40.3211,0.371429
rmse,last,9,0.001,70,500,1.0,0.0,3,2,5,1,10,551,163,14.7501,41.637,0.438838,19.269,40.3178,0.371429
rmse,last,9,0.001,70,500,1.0,0.0,3,2,5,1,10,551,164,14.7461,41.6387,0.438838,19.2803,40.3156,0.371429
rmse,last,9,0.001,70,500,1.0,0.0,3,2,5,1,10,551,165,14.742,41.6405,0.438838,19.2859,40.3139,0.371429
rmse,last,9,0.001,70,500,1.0,0.0,3,2,5,1,10,551,166,14.7356,41.6431,0.438838,19.2258,40.3129,0.371429
rmse,last,9,0.001,70,500,1.0,0.0,3,2,5,1,10,551,167,14.7344,41.6438,0.438838,19.3138,40.3131,0.371429
rmse,last,9,0.001,70,500,1.0,0.0,3,2,5,1,10,551,168,14.724,41.6483,0.438838,19.1348,40.3184,0.371429
rmse,last,9,0.001,70,500,1.0,0.0,3,2,5,1,10,551,169,14.7283,41.6467,0.438838,19.394,40.326,0.371429
rmse,last,9,0.001,70,500,1.0,0.0,3,2,5,1,10,551,170,14.7088,41.6556,0.438838,18.9457,40.368,0.371429
rmse,last,9,0.001,70,500,1.0,0.0,3,2,5,1,10,551,171,14.72,41.6508,0.438838,19.3928,40.3267,0.371429
rmse,last,9,0.001,70,500,1.0,0.0,3,2,5,1,10,551,172,14.7044,41.6578,0.438838,19.0423,40.3252,0.371429
rmse,last,9,0.001,70,500,1.0,0.0,3,2,5,1,10,551,173,14.7099,41.6555,0.438838,19.3218,40.3115,0.371429
rmse,last,9,0.001,70,500,1.0,0.0,3,2,5,1,10,551,174,14.6969,41.6617,0.438838,19.0502,40.3146,0.371429
rmse,last,9,0.001,70,500,1.0,0.0,3,2,5,1,10,551,175,14.7013,41.6596,0.438838,19.319,40.3112,0.371429
rmse,last,9,0.001,70,500,1.0,0.0,3,2,5,1,10,551,176,14.6856,41.6673,0.438838,18.9731,40.3295,0.371429
rmse,last,9,0.001,70,500,1.0,0.0,3,2,5,1,10,551,177,14.6947,41.6637,0.438838,19.3413,40.3177,0.371429
rmse,last,9,0.001,70,500,1.0,0.0,3,2,5,1,10,551,178,14.6766,41.6728,0.438838,18.9151,40.3418,0.371429
rmse,last,9,0.001,70,500,1.0,0.0,3,2,5,1,10,551,179,14.6857,41.6686,0.438838,19.2927,40.3068,0.371429
rmse,last,9,0.001,70,500,1.0,0.0,3,2,5,1,10,551,180,14.6727,41.6754,0.438838,19.0034,40.3022,0.371429
rmse,last,9,0.001,70,500,1.0,0.0,3,2,5,1,10,551,181,14.6764,41.6739,0.438838,19.2232,40.2929,0.371429
rmse,last,9,0.001,70,500,1.0,0.0,3,2,5,1,10,551,182,14.6656,41.6798,0.438838,19.0033,40.2941,0.371429
rmse,last,9,0.001,70,500,1.0,0.0,3,2,5,1,10,551,183,14.6692,41.6786,0.438838,19.2218,40.2926,0.371429
rmse,last,9,0.001,70,500,1.0,0.0,3,2,5,1,10,551,184,14.656,41.686,0.438838,18.9311,40.3063,0.371429
rmse,last,9,0.001,70,500,1.0,0.0,3,2,5,1,10,551,185,14.663,41.6828,0.438838,19.2573,40.3019,0.371429
rmse,last,9,0.001,70,500,1.0,0.0,3,2,5,1,10,551,186,14.6453,41.6927,0.438838,18.8437,40.3311,0.371429
rmse,last,9,0.001,70,500,1.0,0.0,3,2,5,1,10,551,187,14.6551,41.6883,0.438838,19.2157,40.2927,0.371429
rmse,last,9,0.001,70,500,1.0,0.0,3,2,5,1,10,551,188,14.6431,41.6955,0.438838,18.9384,40.2859,0.371429
rmse,last,9,0.001,70,500,1.0,0.0,3,2,5,1,10,551,189,14.6462,41.6944,0.438838,19.1328,40.2759,0.371429
rmse,last,9,0.001,70,500,1.0,0.0,3,2,5,1,10,551,190,14.6374,41.7002,0.438838,18.9544,40.2742,0.371429
rmse,last,9,0.001,70,500,1.0,0.0,3,2,5,1,10,551,191,14.6393,41.6999,0.438838,19.1118,40.2719,0.371429
rmse,last,9,0.001,70,500,1.0,0.0,3,2,5,1,10,551,192,14.6296,41.7064,0.438838,18.9084,40.277,0.371429
rmse,last,9,0.001,70,500,1.0,0.0,3,2,5,1,10,551,193,14.6332,41.7047,0.438838,19.143,40.2785,0.371429
rmse,last,9,0.001,70,500,1.0,0.0,3,2,5,1,10,551,194,14.6193,41.7141,0.438838,18.8117,40.3022,0.371429
rmse,last,9,0.001,70,500,1.0,0.0,3,2,5,1,10,551,195,14.6283,41.71,0.438838,19.1619,40.285,0.371429
rmse,last,9,0.001,70,500,1.0,0.0,3,2,5,1,10,551,196,14.6127,41.7203,0.438838,18.7878,40.302,0.371429
rmse,last,9,0.001,70,500,1.0,0.0,3,2,5,1,10,551,197,14.6202,41.7163,0.438838,19.1068,40.272,0.371429
rmse,last,9,0.001,70,500,1.0,0.0,3,2,5,1,10,551,198,14.6097,41.7242,0.438838,18.8483,40.2676,0.371429
rmse,last,9,0.001,70,500,1.0,0.0,3,2,5,1,10,551,199,14.6137,41.7231,0.438838,19.0403,40.2582,0.371429
rmse,last,9,0.001,70,500,1.0,0.0,3,2,5,1,10,551,200,14.6052,41.73,0.438838,18.8523,40.2577,0.371429
rmse,last,9,0.001,70,500,1.0,0.0,3,2,5,1,10,551,-1,14.6269,41.7293,0.438838,19.2556,41.1905,0.371429
rmse,last,9,0.001,70,500,1.0,0.0,3,2,5,1,10,551,201,14.6079,41.7293,0.438838,19.024,40.2551,0.371429
rmse,last,9,0.001,70,500,1.0,0.0,3,2,5,1,10,551,202,14.5978,41.7372,0.438838,18.807,40.2618,0.371429
rmse,last,9,0.001,70,500,1.0,0.0,3,2,5,1,10,551,203,14.6026,41.7351,0.438838,19.0472,40.2611,0.371429
rmse,last,9,0.001,70,500,1.0,0.0,3,2,5,1,10,551,204,14.5902,41.7455,0.438838,18.731,40.2828,0.371429
rmse,last,9,0.001,70,500,1.0,0.0,3,2,5,1,10,551,205,14.5981,41.7412,0.438838,19.0507,40.264,0.371429
rmse,last,9,0.001,70,500,1.0,0.0,3,2,5,1,10,551,206,14.5857,41.752,0.438838,18.7223,40.2751,0.371429
rmse,last,9,0.001,70,500,1.0,0.0,3,2,5,1,10,551,207,14.5921,41.7484,0.438838,19.0008,40.2523,0.371429
rmse,last,9,0.001,70,500,1.0,0.0,3,2,5,1,10,551,208,14.5816,41.7574,0.438838,18.7524,40.2508,0.371429
rmse,last,9,0.001,70,500,1.0,0.0,3,2,5,1,10,551,209,14.5862,41.7559,0.438838,18.9495,40.2412,0.371429
rmse,last,9,0.001,70,500,1.0,0.0,3,2,5,1,10,551,210,14.578,41.7641,0.438838,18.7484,40.2422,0.371429
rmse,last,9,0.001,70,500,1.0,0.0,3,2,5,1,10,551,211,14.5813,41.7629,0.438838,18.9328,40.2382,0.371429
rmse,last,9,0.001,70,500,1.0,0.0,3,2,5,1,10,551,212,14.5725,41.772,0.438838,18.7106,40.2454,0.371429
rmse,last,9,0.001,70,500,1.0,0.0,3,2,5,1,10,551,213,14.5771,41.7696,0.438838,18.9414,40.2416,0.371429
rmse,last,9,0.001,70,500,1.0,0.0,3,2,5,1,10,551,214,14.5666,41.7807,0.438838,18.6586,40.2576,0.371429
rmse,last,9,0.001,70,500,1.0,0.0,3,2,5,1,10,551,215,14.5719,41.7767,0.438838,18.936,40.2422,0.371429
rmse,last,9,0.001,70,500,1.0,0.0,3,2,5,1,10,551,216,14.5623,41.7881,0.438838,18.6455,40.2516,0.371429
rmse,last,9,0.001,70,500,1.0,0.0,3,2,5,1,10,551,217,14.5677,41.7846,0.438838,18.8952,40.2329,0.371429
rmse,last,9,0.001,70,500,1.0,0.0,3,2,5,1,10,551,218,14.5584,41.7947,0.438838,18.6581,40.2332,0.371429
rmse,last,9,0.001,70,500,1.0,0.0,3,2,5,1,10,551,219,14.5629,41.7927,0.438838,18.8506,40.2231,0.371429
rmse,last,9,0.001,70,500,1.0,0.0,3,2,5,1,10,551,220,14.5547,41.8021,0.438838,18.6531,40.2241,0.371429
rmse,last,9,0.001,70,500,1.0,0.0,3,2,5,1,10,551,221,14.558,41.8006,0.438838,18.8279,40.2188,0.371429
rmse,last,9,0.001,70,500,1.0,0.0,3,2,5,1,10,551,222,14.5511,41.8105,0.438838,18.6258,40.2238,0.371429
rmse,last,9,0.001,70,500,1.0,0.0,3,2,5,1,10,551,223,14.555,41.8084,0.438838,18.824,40.2193,0.371429
rmse,last,9,0.001,70,500,1.0,0.0,3,2,5,1,10,551,224,14.5465,41.8197,0.438838,18.587,40.2298,0.371429
rmse,last,9,0.001,70,500,1.0,0.0,3,2,5,1,10,551,225,14.5513,41.8163,0.438838,18.819,40.22,0.371429
rmse,last,9,0.001,70,500,1.0,0.0,3,2,5,1,10,551,226,14.5418,41.8284,0.438838,18.5616,40.2301,0.371429
rmse,last,9,0.001,70,500,1.0,0.0,3,2,5,1,10,551,227,14.5466,41.8247,0.438838,18.7916,40.2145,0.371429
rmse,last,9,0.001,70,500,1.0,0.0,3,2,5,1,10,551,228,14.5395,41.8362,0.438838,18.56,40.2172,0.371429
rmse,last,9,0.001,70,500,1.0,0.0,3,2,5,1,10,551,229,14.5433,41.8336,0.438838,18.7512,40.2053,0.371429
rmse,last,9,0.001,70,500,1.0,0.0,3,2,5,1,10,551,230,14.5365,41.8441,0.438838,18.557,40.206,0.371429
rmse,last,9,0.001,70,500,1.0,0.0,3,2,5,1,10,551,231,14.5394,41.8425,0.438838,18.7194,40.1988,0.371429
rmse,last,9,0.001,70,500,1.0,0.0,3,2,5,1,10,551,232,14.5331,41.8528,0.438838,18.5409,40.2009,0.371429
rmse,last,9,0.001,70,500,1.0,0.0,3,2,5,1,10,551,233,14.536,41.8511,0.438838,18.702,40.196,0.371429
rmse,last,9,0.001,70,500,1.0,0.0,3,2,5,1,10,551,234,14.5295,41.8622,0.438838,18.5134,40.201,0.371429
rmse,last,9,0.001,70,500,1.0,0.0,3,2,5,1,10,551,235,14.5328,41.8597,0.438838,18.6932,40.1955,0.371429
rmse,last,9,0.001,70,500,1.0,0.0,3,2,5,1,10,551,236,14.5258,41.8718,0.438838,18.4833,40.2034,0.371429
rmse,last,9,0.001,70,500,1.0,0.0,3,2,5,1,10,551,237,14.5296,41.8685,0.438838,18.6796,40.194,0.371429
rmse,last,9,0.001,70,500,1.0,0.0,3,2,5,1,10,551,238,14.5218,41.881,0.438838,18.4634,40.2003,0.371429
rmse,last,9,0.001,70,500,1.0,0.0,3,2,5,1,10,551,239,14.5254,41.8777,0.438838,18.652,40.1885,0.371429
rmse,last,9,0.001,70,500,1.0,0.0,3,2,5,1,10,551,240,14.5197,41.8897,0.438838,18.4547,40.1906,0.371429
rmse,last,9,0.001,70,500,1.0,0.0,3,2,5,1,10,551,241,14.5227,41.8873,0.438838,18.6173,40.1809,0.371429
rmse,last,9,0.001,70,500,1.0,0.0,3,2,5,1,10,551,242,14.5169,41.8984,0.438838,18.446,40.1814,0.371429
rmse,last,9,0.001,70,500,1.0,0.0,3,2,5,1,10,551,243,14.5187,41.8968,0.438838,18.5868,40.1746,0.371429
rmse,last,9,0.001,70,500,1.0,0.0,3,2,5,1,10,551,244,14.5139,41.9076,0.438838,18.4307,40.1756,0.371429
rmse,last,9,0.001,70,500,1.0,0.0,3,2,5,1,10,551,245,14.5155,41.9062,0.438838,18.5646,40.1706,0.371429
rmse,last,9,0.001,70,500,1.0,0.0,3,2,5,1,10,551,246,14.5107,41.9173,0.438838,18.4088,40.173,0.371429
rmse,last,9,0.001,70,500,1.0,0.0,3,2,5,1,10,551,247,14.513,41.9155,0.438838,18.5487,40.1683,0.371429
rmse,last,9,0.001,70,500,1.0,0.0,3,2,5,1,10,551,248,14.5073,41.9272,0.438838,18.3835,40.1723,0.371429
rmse,last,9,0.001,70,500,1.0,0.0,3,2,5,1,10,551,249,14.51,41.9248,0.438838,18.5338,40.1664,0.371429
rmse,last,9,0.001,70,500,1.0,0.0,3,2,5,1,10,551,250,14.5035,41.9371,0.438838,18.3604,40.1709,0.371429
rmse,last,9,0.001,70,500,1.0,0.0,3,2,5,1,10,551,-1,14.5195,41.9286,0.438838,18.939,41.1643,0.371429
rmse,last,9,0.001,70,500,1.0,0.0,3,2,5,1,10,551,251,14.506,41.9342,0.438838,18.5133,40.163,0.371429
rmse,last,9,0.001,70,500,1.0,0.0,3,2,5,1,10,551,252,14.501,41.9466,0.438838,18.3431,40.1658,0.371429
rmse,last,9,0.001,70,500,1.0,0.0,3,2,5,1,10,551,253,14.5034,41.944,0.438838,18.4855,40.1574,0.371429
rmse,last,9,0.001,70,500,1.0,0.0,3,2,5,1,10,551,254,14.4981,41.9559,0.438838,18.3301,40.1581,0.371429
rmse,last,9,0.001,70,500,1.0,0.0,3,2,5,1,10,551,255,14.5,41.954,0.438838,18.4547,40.1509,0.371429
rmse,last,9,0.001,70,500,1.0,0.0,3,2,5,1,10,551,256,14.495,41.9651,0.438838,18.3171,40.1507,0.371429
rmse,last,9,0.001,70,500,1.0,0.0,3,2,5,1,10,551,257,14.4966,41.9639,0.438838,18.4259,40.1451,0.371429
rmse,last,9,0.001,70,500,1.0,0.0,3,2,5,1,10,551,258,14.4911,41.9744,0.438838,18.3014,40.1448,0.371429
rmse,last,9,0.001,70,500,1.0,0.0,3,2,5,1,10,551,259,14.4931,41.9737,0.438838,18.401,40.1405,0.371429
rmse,last,9,0.001,70,500,1.0,0.0,3,2,5,1,10,551,260,14.4884,41.9841,0.438838,18.2824,40.1405,0.371429
rmse,last,9,0.001,70,500,1.0,0.0,3,2,5,1,10,551,261,14.4896,41.9833,0.438838,18.3798,40.1367,0.371429
rmse,last,9,0.001,70,500,1.0,0.0,3,2,5,1,10,551,262,14.4849,41.9939,0.438838,18.2611,40.1374,0.371429
rmse,last,9,0.001,70,500,1.0,0.0,3,2,5,1,10,551,263,14.4861,41.9928,0.438838,18.3606,40.1336,0.371429
rmse,last,9,0.001,70,500,1.0,0.0,3,2,5,1,10,551,264,14.4812,42.0037,0.438838,18.239,40.1347,0.371429
rmse,last,9,0.001,70,500,1.0,0.0,3,2,5,1,10,551,265,14.4825,42.0024,0.438838,18.3414,40.1305,0.371429
rmse,last,9,0.001,70,500,1.0,0.0,3,2,5,1,10,551,266,14.4774,42.0134,0.438838,18.2179,40.1316,0.371429
rmse,last,9,0.001,70,500,1.0,0.0,3,2,5,1,10,551,267,14.4787,42.0119,0.438838,18.32,40.1268,0.371429
rmse,last,9,0.001,70,500,1.0,0.0,3,2,5,1,10,551,268,14.4736,42.0229,0.438838,18.1987,40.1273,0.371429
rmse,last,9,0.001,70,500,1.0,0.0,3,2,5,1,10,551,269,14.4748,42.0215,0.438838,18.2955,40.1222,0.371429
rmse,last,9,0.001,70,500,1.0,0.0,3,2,5,1,10,551,270,14.4698,42.0322,0.438838,18.1816,40.1218,0.371429
rmse,last,9,0.001,70,500,1.0,0.0,3,2,5,1,10,551,271,14.4703,42.0311,0.438838,18.2688,40.1169,0.371429
rmse,last,9,0.001,70,500,1.0,0.0,3,2,5,1,10,551,272,14.4653,42.0412,0.438838,18.1655,40.1158,0.371429
rmse,last,9,0.001,70,500,1.0,0.0,3,2,5,1,10,551,273,14.4658,42.0407,0.438838,18.2414,40.1115,0.371429
rmse,last,9,0.001,70,500,1.0,0.0,3,2,5,1,10,551,274,14.4611,42.0503,0.438838,18.1493,40.1101,0.371429
rmse,last,9,0.001,70,500,1.0,0.0,3,2,5,1,10,551,275,14.462,42.0503,0.438838,18.2146,40.1064,0.371429
rmse,last,9,0.001,70,500,1.0,0.0,3,2,5,1,10,551,276,14.4576,42.0593,0.438838,18.1324,40.1048,0.371429
rmse,last,9,0.001,70,500,1.0,0.0,3,2,5,1,10,551,277,14.4574,42.0597,0.438838,18.1891,40.1016,0.371429
rmse,last,9,0.001,70,500,1.0,0.0,3,2,5,1,10,551,278,14.4523,42.0682,0.438838,18.1144,40.1,0.371429
rmse,last,9,0.001,70,500,1.0,0.0,3,2,5,1,10,551,279,14.4527,42.0688,0.438838,18.1649,40.0972,0.371429
rmse,last,9,0.001,70,500,1.0,0.0,3,2,5,1,10,551,280,14.4485,42.0771,0.438838,18.0954,40.0956,0.371429
rmse,last,9,0.001,70,500,1.0,0.0,3,2,5,1,10,551,281,14.4473,42.0778,0.438838,18.1419,40.093,0.371429
rmse,last,9,0.001,70,500,1.0,0.0,3,2,5,1,10,551,282,14.4436,42.086,0.438838,18.0756,40.0915,0.371429
rmse,last,9,0.001,70,500,1.0,0.0,3,2,5,1,10,551,283,14.4429,42.0867,0.438838,18.1199,40.0891,0.371429
rmse,last,9,0.001,70,500,1.0,0.0,3,2,5,1,10,551,284,14.4385,42.0948,0.438838,18.0552,40.0876,0.371429
rmse,last,9,0.001,70,500,1.0,0.0,3,2,5,1,10,551,285,14.4377,42.0955,0.438838,18.0983,40.0853,0.371429
rmse,last,9,0.001,70,500,1.0,0.0,3,2,5,1,10,551,286,14.4332,42.1034,0.438838,18.0344,40.0838,0.371429
rmse,last,9,0.001,70,500,1.0,0.0,3,2,5,1,10,551,287,14.4324,42.1041,0.438838,18.0771,40.0815,0.371429
rmse,last,9,0.001,70,500,1.0,0.0,3,2,5,1,10,551,288,14.4278,42.1119,0.438838,18.0136,40.0801,0.371429
rmse,last,9,0.001,70,500,1.0,0.0,3,2,5,1,10,551,289,14.4262,42.1125,0.438838,18.0558,40.0777,0.371429
rmse,last,9,0.001,70,500,1.0,0.0,3,2,5,1,10,551,290,14.4221,42.1204,0.438838,17.9928,40.0763,0.371429
rmse,last,9,0.001,70,500,1.0,0.0,3,2,5,1,10,551,291,14.4212,42.1209,0.438838,18.0343,40.0738,0.371429
rmse,last,9,0.001,70,500,1.0,0.0,3,2,5,1,10,551,292,14.4164,42.1286,0.438838,17.9723,40.0724,0.371429
rmse,last,9,0.001,70,500,1.0,0.0,3,2,5,1,10,551,293,14.4153,42.1291,0.438838,18.0124,40.0699,0.371429
rmse,last,9,0.001,70,500,1.0,0.0,3,2,5,1,10,551,294,14.4102,42.1367,0.438838,17.9521,40.0684,0.371429
rmse,last,9,0.001,70,500,1.0,0.0,3,2,5,1,10,551,295,14.4092,42.1371,0.438838,17.99,40.0658,0.371429
rmse,last,9,0.001,70,500,1.0,0.0,3,2,5,1,10,551,296,14.4041,42.1446,0.438838,17.9322,40.0642,0.371429
rmse,last,9,0.001,70,500,1.0,0.0,3,2,5,1,10,551,297,14.4024,42.1452,0.438838,17.9672,40.0617,0.371429
rmse,last,9,0.001,70,500,1.0,0.0,3,2,5,1,10,551,298,14.398,42.1523,0.438838,17.9125,40.0599,0.371429
rmse,last,9,0.001,70,500,1.0,0.0,3,2,5,1,10,551,299,14.3965,42.1531,0.438838,17.9442,40.0575,0.371429
rmse,last,9,0.001,70,500,1.0,0.0,3,2,5,1,10,551,300,14.3916,42.1599,0.438838,17.8929,40.0556,0.371429
rmse,last,9,0.001,70,500,1.0,0.0,3,2,5,1,10,551,-1,14.3993,42.1506,0.438838,18.5314,41.1266,0.371429
rmse,last,9,0.001,70,500,1.0,0.0,3,2,5,1,10,551,301,14.3899,42.1607,0.438838,17.9211,40.0532,0.371429
rmse,last,9,0.001,70,500,1.0,0.0,3,2,5,1,10,551,302,14.385,42.1672,0.438838,17.8734,40.0513,0.371429
rmse,last,9,0.001,70,500,1.0,0.0,3,2,5,1,10,551,303,14.3831,42.1683,0.438838,17.8979,40.049,0.371429
rmse,last,9,0.001,70,500,1.0,0.0,3,2,5,1,10,551,304,14.3782,42.1745,0.438838,17.8538,40.047,0.371429
rmse,last,9,0.001,70,500,1.0,0.0,3,2,5,1,10,551,305,14.3761,42.1756,0.438838,17.875,40.0448,0.371429
rmse,last,9,0.001,70,500,1.0,0.0,3,2,5,1,10,551,306,14.3705,42.1815,0.438838,17.8341,40.0428,0.371429
rmse,last,9,0.001,70,500,1.0,0.0,3,2,5,1,10,551,307,14.3689,42.1829,0.438838,17.8522,40.0406,0.371429
rmse,last,9,0.001,70,500,1.0,0.0,3,2,5,1,10,551,308,14.3634,42.1885,0.438838,17.8142,40.0386,0.371429
rmse,last,9,0.001,70,500,1.0,0.0,3,2,5,1,10,551,309,14.3616,42.1899,0.438838,17.8297,40.0365,0.371429
rmse,last,9,0.001,70,500,1.0,0.0,3,2,5,1,10,551,310,14.3567,42.1953,0.438838,17.794,40.0345,0.371429
rmse,last,9,0.001,70,500,1.0,0.0,3,2,5,1,10,551,311,14.3541,42.1968,0.438838,17.8075,40.0324,0.371429
rmse,last,9,0.001,70,500,1.0,0.0,3,2,5,1,10,551,312,14.3491,42.2019,0.438838,17.7736,40.0305,0.371429
rmse,last,9,0.001,70,500,1.0,0.0,3,2,5,1,10,551,313,14.3464,42.2034,0.438838,17.7856,40.0284,0.371429
rmse,last,9,0.001,70,500,1.0,0.0,3,2,5,1,10,551,314,14.3414,42.2085,0.438838,17.7528,40.0265,0.371429
rmse,last,9,0.001,70,500,1.0,0.0,3,2,5,1,10,551,315,14.3385,42.2099,0.438838,17.764,40.0244,0.371429
rmse,last,9,0.001,70,500,1.0,0.0,3,2,5,1,10,551,316,14.3335,42.2148,0.438838,17.7319,40.0225,0.371429
rmse,last,9,0.001,70,500,1.0,0.0,3,2,5,1,10,551,317,14.3305,42.2162,0.438838,17.7427,40.0205,0.371429
rmse,last,9,0.001,70,500,1.0,0.0,3,2,5,1,10,551,318,14.3254,42.2211,0.438838,17.7106,40.0186,0.371429
rmse,last,9,0.001,70,500,1.0,0.0,3,2,5,1,10,551,319,14.3224,42.2224,0.438838,17.7217,40.0166,0.371429
rmse,last,9,0.001,70,500,1.0,0.0,3,2,5,1,10,551,320,14.3171,42.2272,0.438838,17.6891,40.0147,0.371429
rmse,last,9,0.001,70,500,1.0,0.0,3,2,5,1,10,551,321,14.3141,42.2283,0.438838,17.701,40.0127,0.371429
rmse,last,9,0.001,70,500,1.0,0.0,3,2,5,1,10,551,322,14.3086,42.2332,0.438838,17.6674,40.0109,0.371429
rmse,last,9,0.001,70,500,1.0,0.0,3,2,5,1,10,551,323,14.305,42.234,0.438838,17.6807,40.009,0.371429
rmse,last,9,0.001,70,500,1.0,0.0,3,2,5,1,10,551,324,14.2999,42.2391,0.438838,17.6453,40.0072,0.371429
rmse,last,9,0.001,70,500,1.0,0.0,3,2,5,1,10,551,325,14.297,42.2397,0.438838,17.6607,40.0053,0.371429
rmse,last,9,0.001,70,500,1.0,0.0,3,2,5,1,10,551,326,14.2911,42.2448,0.438838,17.623,40.0037,0.371429
rmse,last,9,0.001,70,500,1.0,0.0,3,2,5,1,10,551,327,14.2882,42.2451,0.438838,17.6411,40.0018,0.371429
rmse,last,9,0.001,70,500,1.0,0.0,3,2,5,1,10,551,328,14.282,42.2505,0.438838,17.6005,40.0003,0.371429
rmse,last,9,0.001,70,500,1.0,0.0,3,2,5,1,10,551,329,14.2794,42.2503,0.438838,17.6219,39.9984,0.371429
rmse,last,9,0.001,70,500,1.0,0.0,3,2,5,1,10,551,330,14.2728,42.256,0.438838,17.5777,39.9972,0.371429
rmse,last,9,0.001,70,500,1.0,0.0,3,2,5,1,10,551,331,14.2704,42.2554,0.438838,17.6031,39.9952,0.371429
rmse,last,9,0.001,70,500,1.0,0.0,3,2,5,1,10,551,332,14.2629,42.2613,0.438838,17.5549,39.9943,0.371429
rmse,last,9,0.001,70,500,1.0,0.0,3,2,5,1,10,551,333,14.2605,42.2603,0.438838,17.5845,39.9922,0.371429
rmse,last,9,0.001,70,500,1.0,0.0,3,2,5,1,10,551,334,14.2539,42.2666,0.438838,17.532,39.9916,0.371429
rmse,last,9,0.001,70,500,1.0,0.0,3,2,5,1,10,551,335,14.2516,42.2651,0.438838,17.5658,39.9893,0.371429
rmse,last,9,0.001,70,500,1.0,0.0,3,2,5,1,10,551,336,14.2443,42.2716,0.438838,17.5095,39.9889,0.371429
rmse,last,9,0.001,70,500,1.0,0.0,3,2,5,1,10,551,337,14.2417,42.2697,0.438838,17.5467,39.9863,0.371429
rmse,last,9,0.001,70,500,1.0,0.0,3,2,5,1,10,551,338,14.2345,42.2765,0.438838,17.4873,39.9861,0.371429
rmse,last,9,0.001,70,500,1.0,0.0,3,2,5,1,10,551,339,14.2328,42.2744,0.438838,17.5265,39.983,0.371429
rmse,last,9,0.001,70,500,1.0,0.0,3,2,5,1,10,551,340,14.2242,42.2811,0.438838,17.4658,39.9826,0.371429
rmse,last,9,0.001,70,500,1.0,0.0,3,2,5,1,10,551,341,14.2231,42.2789,0.438838,17.505,39.9792,0.371429
rmse,last,9,0.001,70,500,1.0,0.0,3,2,5,1,10,551,342,14.2142,42.2856,0.438838,17.4449,39.9785,0.371429
rmse,last,9,0.001,70,500,1.0,0.0,3,2,5,1,10,551,343,14.2131,42.2833,0.438838,17.4823,39.9748,0.371429
rmse,last,9,0.001,70,500,1.0,0.0,3,2,5,1,10,551,344,14.2049,42.2898,0.438838,17.4244,39.9737,0.371429
rmse,last,9,0.001,70,500,1.0,0.0,3,2,5,1,10,551,345,14.2021,42.2877,0.438838,17.4587,39.9701,0.371429
rmse,last,9,0.001,70,500,1.0,0.0,3,2,5,1,10,551,346,14.1948,42.2938,0.438838,17.4042,39.9687,0.371429
rmse,last,9,0.001,70,500,1.0,0.0,3,2,5,1,10,551,347,14.1926,42.292,0.438838,17.4348,39.9653,0.371429
rmse,last,9,0.001,70,500,1.0,0.0,3,2,5,1,10,551,348,14.1846,42.2977,0.438838,17.3839,39.9638,0.371429
rmse,last,9,0.001,70,500,1.0,0.0,3,2,5,1,10,551,349,14.1821,42.296,0.438838,17.4111,39.9607,0.371429
rmse,last,9,0.001,70,500,1.0,0.0,3,2,5,1,10,551,350,14.1737,42.3014,0.43832,17.3634,39.9591,0.371429
rmse,last,9,0.001,70,500,1.0,0.0,3,2,5,1,10,551,-1,14.177,42.2875,0.438216,18.0859,41.1406,0.371429
rmse,last,9,0.001,70,500,1.0,0.0,3,2,5,1,10,551,351,14.1715,42.3,0.438216,17.388,39.9562,0.371429
rmse,last,9,0.001,70,500,1.0,0.0,3,2,5,1,10,551,352,14.1637,42.3051,0.438216,17.3425,39.9547,0.371429
rmse,last,9,0.001,70,500,1.0,0.0,3,2,5,1,10,551,353,14.1608,42.3037,0.438216,17.3657,39.9521,0.371429
rmse,last,9,0.001,70,500,1.0,0.0,3,2,5,1,10,551,354,14.1522,42.3087,0.438216,17.3211,39.9507,0.371429
rmse,last,9,0.001,70,500,1.0,0.0,3,2,5,1,10,551,355,14.15,42.3072,0.438216,17.3441,39.9483,0.371429
rmse,last,9,0.001,70,500,1.0,0.0,3,2,5,1,10,551,356,14.142,42.3122,0.438216,17.2993,39.9472,0.371429
rmse,last,9,0.001,70,500,1.0,0.0,3,2,5,1,10,551,357,14.139,42.3105,0.438216,17.3234,39.9449,0.371429
rmse,last,9,0.001,70,500,1.0,0.0,3,2,5,1,10,551,358,14.1301,42.3157,0.438216,17.2769,39.944,0.371429
rmse,last,9,0.001,70,500,1.0,0.0,3,2,5,1,10,551,359,14.1281,42.3137,0.438216,17.3034,39.9418,0.371429
rmse,last,9,0.001,70,500,1.0,0.0,3,2,5,1,10,551,360,14.1189,42.319,0.438216,17.2543,39.9413,0.371429
rmse,last,9,0.001,70,500,1.0,0.0,3,2,5,1,10,551,361,14.117,42.3166,0.438216,17.284,39.939,0.371429
rmse,last,9,0.001,70,500,1.0,0.0,3,2,5,1,10,551,362,14.1077,42.3223,0.438216,17.2316,39.939,0.371429
rmse,last,9,0.001,70,500,1.0,0.0,3,2,5,1,10,551,363,14.1058,42.3195,0.438216,17.2649,39.9364,0.371429
rmse,last,9,0.001,70,500,1.0,0.0,3,2,5,1,10,551,364,14.096,42.3255,0.438216,17.2089,39.9369,0.371429
rmse,last,9,0.001,70,500,1.0,0.0,3,2,5,1,10,551,365,14.0945,42.3223,0.438216,17.2455,39.9338,0.371429
rmse,last,9,0.001,70,500,1.0,0.0,3,2,5,1,10,551,366,14.085,42.3285,0.438216,17.1865,39.9345,0.371429
rmse,last,9,0.001,70,500,1.0,0.0,3,2,5,1,10,551,367,14.0827,42.325,0.438216,17.225,39.9308,0.371429
rmse,last,9,0.001,70,500,1.0,0.0,3,2,5,1,10,551,368,14.0729,42.3313,0.438216,17.1645,39.9313,0.371429
rmse,last,9,0.001,70,500,1.0,0.0,3,2,5,1,10,551,369,14.0716,42.3277,0.438216,17.2032,39.927,0.371429
rmse,last,9,0.001,70,500,1.0,0.0,3,2,5,1,10,551,370,14.0613,42.3339,0.438216,17.1429,39.9271,0.371429
rmse,last,9,0.001,70,500,1.0,0.0,3,2,5,1,10,551,371,14.0599,42.3304,0.438216,17.1799,39.9225,0.371429
rmse,last,9,0.001,70,500,1.0,0.0,3,2,5,1,10,551,372,14.0497,42.3364,0.438216,17.1216,39.922,0.371429
rmse,last,9,0.001,70,500,1.0,0.0,3,2,5,1,10,551,373,14.0479,42.333,0.438216,17.1557,39.9176,0.371429
rmse,last,9,0.001,70,500,1.0,0.0,3,2,5,1,10,551,374,14.0386,42.3387,0.438216,17.1005,39.9167,0.371429
rmse,last,9,0.001,70,500,1.0,0.0,3,2,5,1,10,551,375,14.0356,42.3356,0.438216,17.1314,39.9126,0.371429
rmse,last,9,0.001,70,500,1.0,0.0,3,2,5,1,10,551,376,14.0269,42.341,0.438216,17.0792,39.9115,0.371429
rmse,last,9,0.001,70,500,1.0,0.0,3,2,5,1,10,551,377,14.0242,42.3381,0.438216,17.1076,39.9079,0.371429
rmse,last,9,0.001,70,500,1.0,0.0,3,2,5,1,10,551,378,14.015,42.3431,0.438216,17.0576,39.9068,0.371429
rmse,last,9,0.001,70,500,1.0,0.0,3,2,5,1,10,551,379,14.0122,42.3403,0.438216,17.0846,39.9036,0.371429
rmse,last,9,0.001,70,500,1.0,0.0,3,2,5,1,10,551,380,14.0023,42.3453,0.438216,17.0356,39.9027,0.371429
rmse,last,9,0.001,70,500,1.0,0.0,3,2,5,1,10,551,381,14.0002,42.3425,0.438216,17.0626,39.8997,0.371429
rmse,last,9,0.001,70,500,1.0,0.0,3,2,5,1,10,551,382,13.9909,42.3476,0.438216,17.0131,39.8992,0.371429
rmse,last,9,0.001,70,500,1.0,0.0,3,2,5,1,10,551,383,13.9882,42.3445,0.438216,17.0416,39.8963,0.371429
rmse,last,9,0.001,70,500,1.0,0.0,3,2,5,1,10,551,384,13.9787,42.3497,0.438216,16.9902,39.8962,0.371429
rmse,last,9,0.001,70,500,1.0,0.0,3,2,5,1,10,551,385,13.9762,42.3464,0.438216,17.0213,39.8932,0.371429
rmse,last,9,0.001,70,500,1.0,0.0,3,2,5,1,10,551,386,13.9664,42.3519,0.438216,16.9672,39.8937,0.371429
rmse,last,9,0.001,70,500,1.0,0.0,3,2,5,1,10,551,387,13.9641,42.3481,0.438216,17.0013,39.8904,0.371429
rmse,last,9,0.001,70,500,1.0,0.0,3,2,5,1,10,551,388,13.9538,42.354,0.438216,16.9441,39.8914,0.371429
rmse,last,9,0.001,70,500,1.0,0.0,3,2,5,1,10,551,389,13.952,42.3499,0.438216,16.981,39.8875,0.371429
rmse,last,9,0.001,70,500,1.0,0.0,3,2,5,1,10,551,390,13.9416,42.356,0.438216,16.9212,39.8886,0.371429
rmse,last,9,0.001,70,500,1.0,0.0,3,2,5,1,10,551,391,13.9399,42.3517,0.438216,16.9596,39.8839,0.371429
rmse,last,9,0.001,70,500,1.0,0.0,3,2,5,1,10,551,392,13.9294,42.3579,0.438216,16.8985,39.8848,0.371429
rmse,last,9,0.001,70,500,1.0,0.0,3,2,5,1,10,551,393,13.9277,42.3535,0.438216,16.9366,39.8793,0.371429
rmse,last,9,0.001,70,500,1.0,0.0,3,2,5,1,10,551,394,13.9173,42.3597,0.438216,16.8759,39.8796,0.371429
rmse,last,9,0.001,70,500,1.0,0.0,3,2,5,1,10,551,395,13.9154,42.3554,0.438216,16.9122,39.8739,0.371429
rmse,last,9,0.001,70,500,1.0,0.0,3,2,5,1,10,551,396,13.9052,42.3613,0.438216,16.8534,39.8735,0.371429
rmse,last,9,0.001,70,500,1.0,0.0,3,2,5,1,10,551,397,13.9032,42.3573,0.438216,16.887,39.868,0.371429
rmse,last,9,0.001,70,500,1.0,0.0,3,2,5,1,10,551,398,13.8931,42.3628,0.438216,16.8308,39.8672,0.371429
rmse,last,9,0.001,70,500,1.0,0.0,3,2,5,1,10,551,399,13.8908,42.3591,0.438216,16.8619,39.8621,0.371429
rmse,last,9,0.001,70,500,1.0,0.0,3,2,5,1,10,551,400,13.881,42.3645,0.438216,16.808,39.8611,0.371429
rmse,last,9,0.001,70,500,1.0,0.0,3,2,5,1,10,551,-1,13.8791,42.3459,0.438216,17.6138,41.1676,0.371429
rmse,last,9,0.001,70,500,1.0,0.0,3,2,5,1,10,551,401,13.8787,42.3609,0.438216,16.8374,39.8565,0.371429
rmse,last,9,0.001,70,500,1.0,0.0,3,2,5,1,10,551,402,13.8688,42.3662,0.438216,16.7846,39.8556,0.371429
rmse,last,9,0.001,70,500,1.0,0.0,3,2,5,1,10,551,403,13.8666,42.3626,0.438216,16.8137,39.8513,0.371429
rmse,last,9,0.001,70,500,1.0,0.0,3,2,5,1,10,551,404,13.8567,42.3679,0.438216,16.7608,39.8507,0.371429
rmse,last,9,0.001,70,500,1.0,0.0,3,2,5,1,10,551,405,13.8544,42.3643,0.438216,16.7909,39.8464,0.371429
rmse,last,9,0.001,70,500,1.0,0.0,3,2,5,1,10,551,406,13.8445,42.3697,0.438216,16.7364,39.8462,0.371429
rmse,last,9,0.001,70,500,1.0,0.0,3,2,5,1,10,551,407,13.8425,42.3658,0.438216,16.7687,39.8417,0.371429
rmse,last,9,0.001,70,500,1.0,0.0,3,2,5,1,10,551,408,13.8324,42.3717,0.438216,16.7117,39.8422,0.371429
rmse,last,9,0.001,70,500,1.0,0.0,3,2,5,1,10,551,409,13.8303,42.3674,0.438216,16.7466,39.8371,0.371429
rmse,last,9,0.001,70,500,1.0,0.0,3,2,5,1,10,551,410,13.8204,42.3736,0.438216,16.6867,39.8378,0.371429
rmse,last,9,0.001,70,500,1.0,0.0,3,2,5,1,10,551,411,13.8191,42.3692,0.438216,16.7236,39.8318,0.371429
rmse,last,9,0.001,70,500,1.0,0.0,3,2,5,1,10,551,412,13.8081,42.3756,0.438216,16.6615,39.8325,0.371429
rmse,last,9,0.001,70,500,1.0,0.0,3,2,5,1,10,551,413,13.8075,42.3711,0.438216,16.699,39.8255,0.371429
rmse,last,9,0.001,70,500,1.0,0.0,3,2,5,1,10,551,414,13.7969,42.3775,0.438216,16.636,39.8255,0.371429
rmse,last,9,0.001,70,500,1.0,0.0,3,2,5,1,10,551,415,13.7959,42.3731,0.438216,16.6723,39.8177,0.371429
rmse,last,9,0.001,70,500,1.0,0.0,3,2,5,1,10,551,416,13.7855,42.3796,0.438216,16.6101,39.8169,0.371429
rmse,last,9,0.001,70,500,1.0,0.0,3,2,5,1,10,551,417,13.7846,42.3753,0.438216,16.644,39.8088,0.371429
rmse,last,9,0.001,70,500,1.0,0.0,3,2,5,1,10,551,418,13.7745,42.3816,0.438216,16.5835,39.8071,0.371429
rmse,last,9,0.001,70,500,1.0,0.0,3,2,5,1,10,551,419,13.7735,42.3778,0.438216,16.6147,39.7992,0.371429
rmse,last,9,0.001,70,500,1.0,0.0,3,2,5,1,10,551,420,13.7629,42.3839,0.438216,16.5562,39.7969,0.371429
rmse,last,9,0.001,70,500,1.0,0.0,3,2,5,1,10,551,421,13.7626,42.3804,0.438216,16.5852,39.7893,0.371429
rmse,last,9,0.001,70,500,1.0,0.0,3,2,5,1,10,551,422,13.753,42.3864,0.438216,16.5278,39.7868,0.371429
rmse,last,9,0.001,70,500,1.0,0.0,3,2,5,1,10,551,423,13.7521,42.3831,0.438216,16.5558,39.7794,0.371429
rmse,last,9,0.001,70,500,1.0,0.0,3,2,5,1,10,551,424,13.7426,42.3893,0.438216,16.4983,39.7769,0.371429
rmse,last,9,0.001,70,500,1.0,0.0,3,2,5,1,10,551,425,13.742,42.386,0.438216,16.5267,39.7693,0.371429
rmse,last,9,0.001,70,500,1.0,0.0,3,2,5,1,10,551,426,13.7326,42.3927,0.438216,16.4676,39.7672,0.371429
rmse,last,9,0.001,70,500,1.0,0.0,3,2,5,1,10,551,427,13.732,42.3894,0.438216,16.4975,39.7591,0.371429
rmse,last,9,0.001,70,500,1.0,0.0,3,2,5,1,10,551,428,13.7229,42.3965,0.438216,16.4356,39.7574,0.371429
rmse,last,9,0.001,70,500,1.0,0.0,3,2,5,1,10,551,429,13.7227,42.3931,0.438216,16.4677,39.7485,0.371429
rmse,last,9,0.001,70,500,1.0,0.0,3,2,5,1,10,551,430,13.7138,42.4009,0.438216,16.4023,39.7471,0.371429
rmse,last,9,0.001,70,500,1.0,0.0,3,2,5,1,10,551,431,13.7142,42.3974,0.438216,16.4366,39.737,0.371429
rmse,last,9,0.001,70,500,1.0,0.0,3,2,5,1,10,551,432,13.7052,42.4057,0.438216,16.3677,39.7357,0.371429
rmse,last,9,0.001,70,500,1.0,0.0,3,2,5,1,10,551,433,13.707,42.4022,0.438216,16.4038,39.7242,0.371429
rmse,last,9,0.001,70,500,1.0,0.0,3,2,5,1,10,551,434,13.6973,42.4111,0.438216,16.3318,39.7228,0.371429
rmse,last,9,0.001,70,500,1.0,0.0,3,2,5,1,10,551,435,13.6996,42.4077,0.438216,16.3694,39.7102,0.371429
rmse,last,9,0.001,70,500,1.0,0.0,3,2,5,1,10,551,436,13.6901,42.417,0.438216,16.2949,39.7088,0.371429
rmse,last,9,0.001,70,500,1.0,0.0,3,2,5,1,10,551,437,13.6929,42.4139,0.438216,16.3346,39.6957,0.371429
rmse,last,9,0.001,70,500,1.0,0.0,3,2,5,1,10,551,438,13.6836,42.4236,0.438216,16.2574,39.6948,0.371429
rmse,last,9,0.001,70,500,1.0,0.0,3,2,5,1,10,551,439,13.6863,42.4206,0.438216,16.3013,39.6817,0.371429
rmse,last,9,0.001,70,500,1.0,0.0,3,2,5,1,10,551,440,13.6775,42.4309,0.438216,16.2201,39.6823,0.371429
rmse,last,9,0.001,70,500,1.0,0.0,3,2,5,1,10,551,441,13.6814,42.4278,0.438216,16.2708,39.6691,0.371429
rmse,last,9,0.001,70,500,1.0,0.0,3,2,5,1,10,551,442,13.672,42.4389,0.438216,16.1841,39.6718,0.371429
rmse,last,9,0.001,70,500,1.0,0.0,3,2,5,1,10,551,443,13.6765,42.4356,0.438216,16.243,39.6577,0.371429
rmse,last,9,0.001,70,500,1.0,0.0,3,2,5,1,10,551,444,13.667,42.4472,0.438242,16.1498,39.6617,0.371429
rmse,last,9,0.001,70,500,1.0,0.0,3,2,5,1,10,551,445,13.6719,42.4438,0.438242,16.2152,39.6461,0.371429
rmse,last,9,0.001,70,500,1.0,0.0,3,2,5,1,10,551,446,13.6627,42.4557,0.438242,16.1179,39.649,0.371429
rmse,last,9,0.001,70,500,1.0,0.0,3,2,5,1,10,551,447,13.6669,42.4525,0.438242,16.1848,39.6327,0.371429
rmse,last,9,0.001,70,500,1.0,0.0,3,2,5,1,10,551,448,13.6583,42.4642,0.438268,16.0889,39.6325,0.371429
rmse,last,9,0.001,70,500,1.0,0.0,3,2,5,1,10,551,449,13.6627,42.4616,0.438268,16.1514,39.6176,0.371429
rmse,last,9,0.001,70,500,1.0,0.0,3,2,5,1,10,551,450,13.6558,42.4726,0.438268,16.0635,39.6143,0.371429
rmse,last,9,0.001,70,500,1.0,0.0,3,2,5,1,10,551,-1,13.6375,42.4377,0.438216,17.5686,41.3138,0.371429
rmse,last,9,0.001,70,500,1.0,0.0,3,2,5,1,10,551,451,13.6592,42.4711,0.438268,16.1168,39.602,0.371429
rmse,last,9,0.001,70,500,1.0,0.0,3,2,5,1,10,551,452,13.6523,42.481,0.438268,16.0411,39.5968,0.371429
rmse,last,9,0.001,70,500,1.0,0.0,3,2,5,1,10,551,453,13.6553,42.4807,0.438268,16.0828,39.5868,0.371429
rmse,last,9,0.001,70,500,1.0,0.0,3,2,5,1,10,551,454,13.65,42.4896,0.438268,16.0205,39.5808,0.371429
rmse,last,9,0.001,70,500,1.0,0.0,3,2,5,1,10,551,455,13.6509,42.4903,0.438268,16.0502,39.5725,0.371429
rmse,last,9,0.001,70,500,1.0,0.0,3,2,5,1,10,551,456,13.6471,42.4983,0.438268,16.0009,39.5662,0.371429
rmse,last,9,0.001,70,500,1.0,0.0,3,2,5,1,10,551,457,13.6478,42.4999,0.438268,16.0195,39.5592,0.371429
rmse,last,9,0.001,70,500,1.0,0.0,3,2,5,1,10,551,458,13.644,42.5068,0.438268,15.9818,39.5533,0.371429
rmse,last,9,0.001,70,500,1.0,0.0,3,2,5,1,10,551,459,13.6438,42.5092,0.438268,15.9909,39.5473,0.371429
rmse,last,9,0.001,70,500,1.0,0.0,3,2,5,1,10,551,460,13.6405,42.5153,0.438268,15.9628,39.5418,0.371429
rmse,last,9,0.001,70,500,1.0,0.0,3,2,5,1,10,551,461,13.6395,42.5182,0.438268,15.9644,39.5367,0.371429
rmse,last,9,0.001,70,500,1.0,0.0,3,2,5,1,10,551,462,13.6365,42.5233,0.438268,15.9438,39.5319,0.371429
rmse,last,9,0.001,70,500,1.0,0.0,3,2,5,1,10,551,463,13.6348,42.5267,0.438268,15.9396,39.5273,0.371429
rmse,last,9,0.001,70,500,1.0,0.0,3,2,5,1,10,551,464,13.632,42.5311,0.438268,15.9248,39.5231,0.371429
rmse,last,9,0.001,70,500,1.0,0.0,3,2,5,1,10,551,465,13.629,42.5347,0.438268,15.9162,39.519,0.371429
rmse,last,9,0.001,70,500,1.0,0.0,3,2,5,1,10,551,466,13.6268,42.5385,0.438268,15.9055,39.5151,0.371429
rmse,last,9,0.001,70,500,1.0,0.0,3,2,5,1,10,551,467,13.6238,42.5423,0.438268,15.8935,39.5113,0.371429
rmse,last,9,0.001,70,500,1.0,0.0,3,2,5,1,10,551,468,13.6203,42.5455,0.438268,15.8858,39.5076,0.371429
rmse,last,9,0.001,70,500,1.0,0.0,3,2,5,1,10,551,469,13.6174,42.5494,0.438268,15.8712,39.504,0.371429
rmse,last,9,0.001,70,500,1.0,0.0,3,2,5,1,10,551,470,13.6146,42.5521,0.438268,15.8659,39.5004,0.371429
rmse,last,9,0.001,70,500,1.0,0.0,3,2,5,1,10,551,471,13.6106,42.556,0.438268,15.849,39.4969,0.371429
rmse,last,9,0.001,70,500,1.0,0.0,3,2,5,1,10,551,472,13.6078,42.5583,0.438268,15.8456,39.4934,0.371429
rmse,last,9,0.001,70,500,1.0,0.0,3,2,5,1,10,551,473,13.6033,42.5622,0.438268,15.8268,39.49,0.371429
rmse,last,9,0.001,70,500,1.0,0.0,3,2,5,1,10,551,474,13.6005,42.5642,0.438268,15.825,39.4866,0.371429
rmse,last,9,0.001,70,500,1.0,0.0,3,2,5,1,10,551,475,13.5956,42.5681,0.438268,15.8046,39.4833,0.371429
rmse,last,9,0.001,70,500,1.0,0.0,3,2,5,1,10,551,476,13.5928,42.5697,0.438268,15.8043,39.4799,0.371429
rmse,last,9,0.001,70,500,1.0,0.0,3,2,5,1,10,551,477,13.5873,42.5737,0.438268,15.7826,39.4767,0.371429
rmse,last,9,0.001,70,500,1.0,0.0,3,2,5,1,10,551,478,13.5849,42.5751,0.438268,15.7835,39.4734,0.371429
rmse,last,9,0.001,70,500,1.0,0.0,3,2,5,1,10,551,479,13.5791,42.5791,0.438268,15.7607,39.4702,0.371429
rmse,last,9,0.001,70,500,1.0,0.0,3,2,5,1,10,551,480,13.5764,42.5803,0.438268,15.7625,39.467,0.371429
rmse,last,9,0.001,70,500,1.0,0.0,3,2,5,1,10,551,481,13.5712,42.5844,0.438268,15.7391,39.4639,0.371429
rmse,last,9,0.001,70,500,1.0,0.0,3,2,5,1,10,551,482,13.5684,42.5854,0.438268,15.7414,39.4607,0.371429
rmse,last,9,0.001,70,500,1.0,0.0,3,2,5,1,10,551,483,13.5629,42.5895,0.438268,15.7179,39.4577,0.371429
rmse,last,9,0.001,70,500,1.0,0.0,3,2,5,1,10,551,484,13.5595,42.5906,0.438268,15.72,39.4545,0.371429
rmse,last,9,0.001,70,500,1.0,0.0,3,2,5,1,10,551,485,13.5545,42.5945,0.438268,15.6969,39.4514,0.371429
rmse,last,9,0.001,70,500,1.0,0.0,3,2,5,1,10,551,486,13.5515,42.5957,0.438268,15.6985,39.4483,0.371429
rmse,last,9,0.001,70,500,1.0,0.0,3,2,5,1,10,551,487,13.5461,42.5997,0.438268,15.6762,39.4453,0.371429
rmse,last,9,0.001,70,500,1.0,0.0,3,2,5,1,10,551,488,13.5431,42.6009,0.438268,15.677,39.4422,0.371429
rmse,last,9,0.001,70,500,1.0,0.0,3,2,5,1,10,551,489,13.5373,42.6047,0.438268,15.6558,39.4391,0.371429
rmse,last,9,0.001,70,500,1.0,0.0,3,2,5,1,10,551,490,13.5342,42.606,0.438268,15.6555,39.4361,0.371429
rmse,last,9,0.001,70,500,1.0,0.0,3,2,5,1,10,551,491,13.5289,42.6097,0.438268,15.6354,39.4331,0.371429
rmse,last,9,0.001,70,500,1.0,0.0,3,2,5,1,10,551,492,13.5258,42.6113,0.438268,15.6342,39.4301,0.371429
rmse,last,9,0.001,70,500,1.0,0.0,3,2,5,1,10,551,493,13.5211,42.6148,0.438268,15.6151,39.4272,0.371429
rmse,last,9,0.001,70,500,1.0,0.0,3,2,5,1,10,551,494,13.5178,42.6164,0.438268,15.6131,39.4243,0.371429
rmse,last,9,0.001,70,500,1.0,0.0,3,2,5,1,10,551,495,13.5128,42.62,0.438268,15.5948,39.4214,0.371429
rmse,last,9,0.001,70,500,1.0,0.0,3,2,5,1,10,551,496,13.5094,42.6216,0.438268,15.5923,39.4186,0.371429
rmse,last,9,0.001,70,500,1.0,0.0,3,2,5,1,10,551,497,13.5045,42.6252,0.438268,15.5743,39.4158,0.371429
rmse,last,9,0.001,70,500,1.0,0.0,3,2,5,1,10,551,498,13.5012,42.6268,0.438268,15.5719,39.4129,0.371429
rmse,last,9,0.001,70,500,1.0,0.0,3,2,5,1,10,551,499,13.4961,42.6303,0.438268,15.5536,39.4102,0.371429
rmse,last,9,0.001,70,500,1.0,0.0,3,2,5,1,10,551,0,13.5119,42.6528,0.438216,16.5559,40.3768,0.371429
rmse,last,9,0.001,70,500,1.0,0.0,3,2,5,1,10,551,1,13.4591,42.6364,0.438216,16.864,40.6648,0.371429
rmse,last,9,0.001,70,500,1.0,0.0,3,2,5,1,10,551,2,13.5011,42.64,0.438216,16.959,40.7713,0.371429
rmse,last,9,0.001,70,500,1.0,0.0,3,2,5,1,10,551,3,13.4269,42.6286,0.438216,16.636,41.0276,0.371429
rmse,last,9,0.001,70,500,1.0,0.0,3,2,5,1,10,551,4,13.4097,42.6218,0.438216,15.2231,41.1545,0.371429
rmse,last,9,0.001,70,500,1.0,0.0,3,2,5,1,10,551,5,13.4017,42.6184,0.438216,13.853,41.1475,0.371429
rmse,last,9,0.001,70,500,1.0,0.0,3,2,5,1,10,551,6,13.3944,42.6164,0.438216,13.7023,41.1009,0.371429
rmse,last,9,0.001,70,500,1.0,0.0,3,2,5,1,10,551,7,13.3842,42.6135,0.438216,14.8488,40.9753,0.371429
rmse,last,9,0.001,70,500,1.0,0.0,3,2,5,1,10,551,8,13.3797,42.6098,0.438216,16.1469,40.7696,0.371429
rmse,last,9,0.001,70,500,1.0,0.0,3,2,5,1,10,551,9,13.3976,42.5988,0.438216,16.498,40.3331,0.371429
rmse,last,9,0.001,70,500,1.0,0.0,3,2,5,1,10,551,10,13.4055,42.5908,0.438216,16.8876,40.8543,0.371429
rmse,last,9,0.001,70,500,1.0,0.0,3,2,5,1,10,551,11,13.3612,42.6081,0.438216,14.6545,40.9324,0.371429
rmse,last,9,0.001,70,500,1.0,0.0,3,2,5,1,10,551,12,13.4175,42.6232,0.438216,10.7705,41.5944,0.371429
rmse,last,9,0.001,70,500,1.0,0.0,3,2,5,1,10,551,13,13.5065,42.6338,0.438216,11.855,41.5742,0.371429
rmse,last,9,0.001,70,500,1.0,0.0,3,2,5,1,10,551,14,13.563,42.654,0.438216,13.0317,42.0415,0.371429
rmse,last,9,0.001,70,500,1.0,0.0,3,2,5,1,10,551,15,13.5611,42.6523,0.438216,13.0185,42.0245,0.371429
rmse,last,9,0.001,70,500,1.0,0.0,3,2,5,1,10,551,16,13.5086,42.6316,0.438216,11.9487,41.5708,0.371429
rmse,last,9,0.001,70,500,1.0,0.0,3,2,5,1,10,551,17,13.435,42.6219,0.438216,10.7901,41.5904,0.371429
rmse,last,9,0.001,70,500,1.0,0.0,3,2,5,1,10,551,18,13.3875,42.6133,0.438216,11.395,41.4174,0.371429
rmse,last,9,0.001,70,500,1.0,0.0,3,2,5,1,10,551,19,13.353,42.598,0.438216,15.3504,40.8729,0.371429
rmse,last,9,0.001,70,500,1.0,0.0,3,2,5,1,10,551,20,13.376,42.5806,0.438216,16.329,40.288,0.371429
rmse,last,9,0.001,70,500,1.0,0.0,3,2,5,1,10,551,21,13.4074,42.5718,0.438216,17.7319,41.8755,0.371429
rmse,last,9,0.001,70,500,1.0,0.0,3,2,5,1,10,551,22,13.3821,42.6094,0.438216,12.4782,41.1898,0.371429
rmse,last,9,0.001,70,500,1.0,0.0,3,2,5,1,10,551,23,13.5335,42.636,0.438216,11.9703,41.5346,0.371429
rmse,last,9,0.001,70,500,1.0,0.0,3,2,5,1,10,551,24,13.633,42.6994,0.438216,13.2976,43.0023,0.371429
rmse,last,9,0.001,70,500,1.0,0.0,3,2,5,1,10,551,25,13.6624,42.7265,0.438216,13.7953,43.5622,0.371429
rmse,last,9,0.001,70,500,1.0,0.0,3,2,5,1,10,551,26,13.6579,42.7143,0.438216,13.3126,43.1234,0.371429
rmse,last,9,0.001,70,500,1.0,0.0,3,2,5,1,10,551,27,13.6064,42.6648,0.438216,12.6448,41.7104,0.371429
rmse,last,9,0.001,70,500,1.0,0.0,3,2,5,1,10,551,28,13.4889,42.6469,0.438216,10.7494,41.5672,0.371429
rmse,last,9,0.001,70,500,1.0,0.0,3,2,5,1,10,551,29,13.4331,42.6344,0.438216,15.2395,40.9313,0.371429
rmse,last,9,0.001,70,500,1.0,0.0,3,2,5,1,10,551,30,13.4663,42.6201,0.438216,16.4045,40.3778,0.371429
rmse,last,9,0.001,70,500,1.0,0.0,3,2,5,1,10,551,31,13.5057,42.6173,0.438216,17.7857,42.0418,0.371429
rmse,last,9,0.001,70,500,1.0,0.0,3,2,5,1,10,551,32,13.4699,42.649,0.438216,14.6543,40.9858,0.371429
rmse,last,9,0.001,70,500,1.0,0.0,3,2,5,1,10,551,33,13.5976,42.6732,0.438216,11.043,41.4978,0.371429
rmse,last,9,0.001,70,500,1.0,0.0,3,2,5,1,10,551,34,13.7359,42.7337,0.438216,13.2762,42.6,0.371429
rmse,last,9,0.001,70,500,1.0,0.0,3,2,5,1,10,551,35,13.7856,42.7815,0.438216,14.3768,43.6289,0.371429
rmse,last,9,0.001,70,500,1.0,0.0,3,2,5,1,10,551,36,13.7985,42.7884,0.438216,14.8933,43.7153,0.371429
rmse,last,9,0.001,70,500,1.0,0.0,3,2,5,1,10,551,37,13.7751,42.7556,0.438216,13.2768,42.9078,0.371429
rmse,last,9,0.001,70,500,1.0,0.0,3,2,5,1,10,551,38,13.6992,42.6962,0.438216,12.1015,41.4898,0.371429
rmse,last,9,0.001,70,500,1.0,0.0,3,2,5,1,10,551,39,13.5848,42.6808,0.438216,10.9664,41.517,0.371429
rmse,last,9,0.001,70,500,1.0,0.0,3,2,5,1,10,551,40,13.5331,42.6674,0.438216,16.1038,40.9077,0.371429
rmse,last,9,0.001,70,500,1.0,0.0,3,2,5,1,10,551,41,13.5761,42.6487,0.438216,16.7435,40.9091,0.371429
rmse,last,9,0.001,70,500,1.0,0.0,3,2,5,1,10,551,42,13.58,42.6522,0.438216,16.5703,40.6536,0.371429
rmse,last,9,0.001,70,500,1.0,0.0,3,2,5,1,10,551,43,13.5577,42.6705,0.438216,16.533,40.7735,0.371429
rmse,last,9,0.001,70,500,1.0,0.0,3,2,5,1,10,551,44,13.5738,42.6769,0.438216,14.8737,41.0224,0.371429
rmse,last,9,0.001,70,500,1.0,0.0,3,2,5,1,10,551,45,13.5995,42.6826,0.438216,12.605,41.2126,0.371429
rmse,last,9,0.001,70,500,1.0,0.0,3,2,5,1,10,551,46,13.6126,42.6839,0.438216,11.9667,41.3151,0.371429
rmse,last,9,0.001,70,500,1.0,0.0,3,2,5,1,10,551,47,13.6052,42.681,0.438216,12.7062,41.1971,0.371429
rmse,last,9,0.001,70,500,1.0,0.0,3,2,5,1,10,551,48,13.5885,42.6746,0.438216,14.7428,41.0307,0.371429
rmse,last,9,0.001,70,500,1.0,0.0,3,2,5,1,10,551,49,13.579,42.6688,0.438216,16.2738,40.9188,0.371429
rmse,last,9,0.001,70,500,1.0,0.0,3,2,5,1,10,551,50,13.5811,42.6602,0.438216,16.5717,40.3991,0.371429
rmse,last,9,0.001,70,500,1.0,0.0,3,2,5,1,10,551,-1,13.6033,42.6318,0.438216,17.8636,41.891,0.371429
rmse,last,9,0.001,70,500,1.0,0.0,3,2,5,1,10,551,51,13.6164,42.6408,0.438216,17.0274,41.3416,0.371429
rmse,last,9,0.001,70,500,1.0,0.0,3,2,5,1,10,551,52,13.5858,42.6551,0.438216,16.4668,40.2869,0.371429
rmse,last,9,0.001,70,500,1.0,0.0,3,2,5,1,10,551,53,13.5784,42.6606,0.438216,16.6331,40.6977,0.371429
rmse,last,9,0.001,70,500,1.0,0.0,3,2,5,1,10,551,54,13.5767,42.6592,0.438216,16.6113,40.7366,0.371429
rmse,last,9,0.001,70,500,1.0,0.0,3,2,5,1,10,551,55,13.5755,42.6525,0.438216,16.5746,40.4292,0.371429
rmse,last,9,0.001,70,500,1.0,0.0,3,2,5,1,10,551,56,13.591,42.6362,0.438216,16.4101,40.4908,0.371429
rmse,last,9,0.001,70,500,1.0,0.0,3,2,5,1,10,551,57,13.5827,42.6365,0.438216,16.3321,40.34,0.371429
rmse,last,9,0.001,70,500,1.0,0.0,3,2,5,1,10,551,58,13.5645,42.6453,0.438216,16.53,40.3936,0.371429
rmse,last,9,0.001,70,500,1.0,0.0,3,2,5,1,10,551,59,13.5578,42.6448,0.438216,16.5835,40.4983,0.371429
rmse,last,9,0.001,70,500,1.0,0.0,3,2,5,1,10,551,60,13.5574,42.6369,0.438216,16.3902,40.2694,0.371429
rmse,last,9,0.001,70,500,1.0,0.0,3,2,5,1,10,551,61,13.5662,42.6235,0.438216,16.3567,40.4817,0.371429
rmse,last,9,0.001,70,500,1.0,0.0,3,2,5,1,10,551,62,13.5507,42.6279,0.438216,16.2739,40.2332,0.371429
rmse,last,9,0.001,70,500,1.0,0.0,3,2,5,1,10,551,63,13.5374,42.6326,0.438216,16.4548,40.3544,0.371429
rmse,last,9,0.001,70,500,1.0,0.0,3,2,5,1,10,551,64,13.5317,42.6293,0.438216,16.4157,40.3225,0.371429
rmse,last,9,0.001,70,500,1.0,0.0,3,2,5,1,10,551,65,13.5332,42.6191,0.438216,16.2244,40.2397,0.371429
rmse,last,9,0.001,70,500,1.0,0.0,3,2,5,1,10,551,66,13.5312,42.6131,0.438216,16.2316,40.3406,0.371429
rmse,last,9,0.001,70,500,1.0,0.0,3,2,5,1,10,551,67,13.5144,42.6193,0.438216,16.2794,40.2368,0.371429
rmse,last,9,0.001,70,500,1.0,0.0,3,2,5,1,10,551,68,13.5053,42.6204,0.438216,16.3743,40.3195,0.371429
rmse,last,9,0.001,70,500,1.0,0.0,3,2,5,1,10,551,69,13.5017,42.6143,0.438216,16.243,40.2263,0.371429
rmse,last,9,0.001,70,500,1.0,0.0,3,2,5,1,10,551,70,13.5025,42.6048,0.438216,16.1655,40.291,0.371429
rmse,last,9,0.001,70,500,1.0,0.0,3,2,5,1,10,551,71,13.4914,42.6059,0.438216,16.1487,40.2193,0.371429
rmse,last,9,0.001,70,500,1.0,0.0,3,2,5,1,10,551,72,13.4793,42.6098,0.438216,16.2546,40.2496,0.371429
rmse,last,9,0.001,70,500,1.0,0.0,3,2,5,1,10,551,73,13.4718,42.6077,0.438216,16.2386,40.2447,0.371429
rmse,last,9,0.001,70,500,1.0,0.0,3,2,5,1,10,551,74,13.4703,42.6001,0.438216,16.1133,40.2077,0.371429
rmse,last,9,0.001,70,500,1.0,0.0,3,2,5,1,10,551,75,13.4659,42.5955,0.438216,16.0938,40.2472,0.371429
rmse,last,9,0.001,70,500,1.0,0.0,3,2,5,1,10,551,76,13.4536,42.5992,0.438216,16.129,40.1995,0.371429
rmse,last,9,0.001,70,500,1.0,0.0,3,2,5,1,10,551,77,13.4442,42.6002,0.438216,16.1874,40.2341,0.371429
rmse,last,9,0.001,70,500,1.0,0.0,3,2,5,1,10,551,78,13.4394,42.5955,0.438216,16.105,40.1952,0.371429
rmse,last,9,0.001,70,500,1.0,0.0,3,2,5,1,10,551,79,13.4365,42.589,0.438216,16.0429,40.2194,0.371429
rmse,last,9,0.001,70,500,1.0,0.0,3,2,5,1,10,551,80,13.4276,42.5892,0.438216,16.0398,40.1931,0.371429
rmse,last,9,0.001,70,500,1.0,0.0,3,2,5,1,10,551,81,13.4169,42.5918,0.438216,16.0998,40.2016,0.371429
rmse,last,9,0.001,70,500,1.0,0.0,3,2,5,1,10,551,82,13.4099,42.5901,0.438216,16.0863,40.1987,0.371429
rmse,last,9,0.001,70,500,1.0,0.0,3,2,5,1,10,551,83,13.4061,42.5845,0.438216,16.0073,40.1847,0.371429
rmse,last,9,0.001,70,500,1.0,0.0,3,2,5,1,10,551,84,13.4004,42.5813,0.438216,15.9854,40.1973,0.371429
rmse,last,9,0.001,70,500,1.0,0.0,3,2,5,1,10,551,85,13.3903,42.5833,0.438216,16.0109,40.178,0.371429
rmse,last,9,0.001,70,500,1.0,0.0,3,2,5,1,10,551,86,13.3812,42.5837,0.438216,16.0403,40.1909,0.371429
rmse,last,9,0.001,70,500,1.0,0.0,3,2,5,1,10,551,87,13.3757,42.5802,0.438216,15.9875,40.1741,0.371429
rmse,last,9,0.001,70,500,1.0,0.0,3,2,5,1,10,551,88,13.3716,42.5756,0.438216,15.9428,40.1832,0.371429
rmse,last,9,0.001,70,500,1.0,0.0,3,2,5,1,10,551,89,13.3635,42.5754,0.438216,15.9421,40.1719,0.371429
rmse,last,9,0.001,70,500,1.0,0.0,3,2,5,1,10,551,90,13.3542,42.5768,0.438216,15.9747,40.1743,0.371429
rmse,last,9,0.001,70,500,1.0,0.0,3,2,5,1,10,551,91,13.3474,42.5753,0.438216,15.9615,40.1716,0.371429
rmse,last,9,0.001,70,500,1.0,0.0,3,2,5,1,10,551,92,13.3424,42.5712,0.438216,15.9106,40.166,0.371429
rmse,last,9,0.001,70,500,1.0,0.0,3,2,5,1,10,551,93,13.3361,42.5689,0.438216,15.8923,40.1692,0.371429
rmse,last,9,0.001,70,500,1.0,0.0,3,2,5,1,10,551,94,13.3274,42.5697,0.438216,15.9079,40.1609,0.371429
rmse,last,9,0.001,70,500,1.0,0.0,3,2,5,1,10,551,95,13.319,42.5697,0.438216,15.9201,40.1649,0.371429
rmse,last,9,0.001,70,500,1.0,0.0,3,2,5,1,10,551,96,13.3136,42.5668,0.438216,15.8846,40.1571,0.371429
rmse,last,9,0.001,70,500,1.0,0.0,3,2,5,1,10,551,97,13.3081,42.5635,0.438216,15.853,40.1598,0.371429
rmse,last,9,0.001,70,500,1.0,0.0,3,2,5,1,10,551,98,13.3005,42.5631,0.438216,15.8515,40.154,0.371429
rmse,last,9,0.001,70,500,1.0,0.0,3,2,5,1,10,551,99,13.2922,42.5635,0.438216,15.8676,40.154,0.371429
rmse,last,9,0.001,70,500,1.0,0.0,3,2,5,1,10,551,100,13.2854,42.562,0.438216,15.8546,40.1514,0.371429
rmse,last,9,0.001,70,500,1.0,0.0,3,2,5,1,10,551,-1,13.2686,42.5465,0.438216,16.7801,40.817,0.371429
rmse,last,9,0.001,70,500,1.0,0.0,3,2,5,1,10,551,101,13.2793,42.5589,0.438216,15.8204,40.1483,0.371429
rmse,last,9,0.001,70,500,1.0,0.0,3,2,5,1,10,551,102,13.2732,42.5571,0.438216,15.8061,40.1478,0.371429
rmse,last,9,0.001,70,500,1.0,0.0,3,2,5,1,10,551,103,13.261,42.5572,0.438216,15.8138,40.1434,0.371429
rmse,last,9,0.001,70,500,1.0,0.0,3,2,5,1,10,551,104,13.2574,42.5568,0.438216,15.816,40.1434,0.371429
rmse,last,9,0.001,70,500,1.0,0.0,3,2,5,1,10,551,105,13.2517,42.5544,0.438216,15.7906,40.1387,0.371429
rmse,last,9,0.001,70,500,1.0,0.0,3,2,5,1,10,551,106,13.2457,42.5519,0.438216,15.7681,40.1381,0.371429
rmse,last,9,0.001,70,500,1.0,0.0,3,2,5,1,10,551,107,13.2384,42.5513,0.438216,15.7654,40.1339,0.371429
rmse,last,9,0.001,70,500,1.0,0.0,3,2,5,1,10,551,108,13.2308,42.5511,0.438216,15.7713,40.1321,0.371429
rmse,last,9,0.001,70,500,1.0,0.0,3,2,5,1,10,551,109,13.2241,42.5496,0.438216,15.7585,40.1287,0.371429
rmse,last,9,0.001,70,500,1.0,0.0,3,2,5,1,10,551,110,13.2177,42.5471,0.438216,15.7346,40.1255,0.371429
rmse,last,9,0.001,70,500,1.0,0.0,3,2,5,1,10,551,111,13.2114,42.5457,0.438216,15.7235,40.1226,0.371429
rmse,last,9,0.001,70,500,1.0,0.0,3,2,5,1,10,551,112,13.2039,42.5454,0.438216,15.7257,40.1183,0.371429
rmse,last,9,0.001,70,500,1.0,0.0,3,2,5,1,10,551,113,13.1969,42.5445,0.438216,15.722,40.1153,0.371429
rmse,last,9,0.001,70,500,1.0,0.0,3,2,5,1,10,551,114,13.1904,42.5425,0.438216,15.7027,40.1102,0.371429
rmse,last,9,0.001,70,500,1.0,0.0,3,2,5,1,10,551,115,13.1842,42.5405,0.438216,15.6865,40.1065,0.371429
rmse,last,9,0.001,70,500,1.0,0.0,3,2,5,1,10,551,116,13.1768,42.5398,0.438216,15.683,40.1008,0.371429
rmse,last,9,0.001,70,500,1.0,0.0,3,2,5,1,10,551,117,13.1694,42.5392,0.438216,15.6826,40.096,0.371429
rmse,last,9,0.001,70,500,1.0,0.0,3,2,5,1,10,551,118,13.1633,42.5377,0.438216,15.67,40.0898,0.371429
rmse,last,9,0.001,70,500,1.0,0.0,3,2,5,1,10,551,119,13.1569,42.5355,0.438216,15.6528,40.0838,0.371429
rmse,last,9,0.001,70,500,1.0,0.0,3,2,5,1,10,551,120,13.1502,42.5343,0.438216,15.6444,40.077,0.371429
rmse,last,9,0.001,70,500,1.0,0.0,3,2,5,1,10,551,121,13.1429,42.5336,0.438216,15.6432,40.0699,0.371429
rmse,last,9,0.001,70,500,1.0,0.0,3,2,5,1,10,551,122,13.1354,42.5323,0.438216,15.6361,40.0629,0.371429
rmse,last,9,0.001,70,500,1.0,0.0,3,2,5,1,10,551,123,13.1287,42.5303,0.438216,15.6208,40.0553,0.371429
rmse,last,9,0.001,70,500,1.0,0.0,3,2,5,1,10,551,124,13.1223,42.5286,0.438216,15.6095,40.0485,0.371429
rmse,last,9,0.001,70,500,1.0,0.0,3,2,5,1,10,551,125,13.1144,42.5274,0.438216,15.606,40.0414,0.371429
rmse,last,9,0.001,70,500,1.0,0.0,3,2,5,1,10,551,126,13.1074,42.5263,0.438216,15.6016,40.0353,0.371429
rmse,last,9,0.001,70,500,1.0,0.0,3,2,5,1,10,551,127,13.0996,42.5241,0.438216,15.5892,40.0294,0.371429
rmse,last,9,0.001,70,500,1.0,0.0,3,2,5,1,10,551,128,13.0926,42.5219,0.438216,15.5763,40.0245,0.371429
rmse,last,9,0.001,70,500,1.0,0.0,3,2,5,1,10,551,129,13.0847,42.5202,0.438216,15.5697,40.0199,0.371429
rmse,last,9,0.001,70,500,1.0,0.0,3,2,5,1,10,551,130,13.0766,42.5187,0.438216,15.5652,40.016,0.371429
rmse,last,9,0.001,70,500,1.0,0.0,3,2,5,1,10,551,131,13.0686,42.5165,0.438216,15.5549,40.0124,0.371429
rmse,last,9,0.001,70,500,1.0,0.0,3,2,5,1,10,551,132,13.0607,42.514,0.438216,15.5413,40.0092,0.371429
rmse,last,9,0.001,70,500,1.0,0.0,3,2,5,1,10,551,133,13.0524,42.5118,0.438216,15.5316,40.0062,0.371429
rmse,last,9,0.001,70,500,1.0,0.0,3,2,5,1,10,551,134,13.0438,42.5099,0.438216,15.5254,40.0033,0.371429
rmse,last,9,0.001,70,500,1.0,0.0,3,2,5,1,10,551,135,13.0353,42.5076,0.438216,15.516,40.0005,0.371429
rmse,last,9,0.001,70,500,1.0,0.0,3,2,5,1,10,551,136,13.0269,42.505,0.438216,15.5022,39.9977,0.371429
rmse,last,9,0.001,70,500,1.0,0.0,3,2,5,1,10,551,137,13.0183,42.5024,0.438216,15.4901,39.9949,0.371429
rmse,last,9,0.001,70,500,1.0,0.0,3,2,5,1,10,551,138,13.0094,42.5001,0.438216,15.4816,39.992,0.371429
rmse,last,9,0.001,70,500,1.0,0.0,3,2,5,1,10,551,139,13.0001,42.4978,0.438216,15.4722,39.9891,0.371429
rmse,last,9,0.001,70,500,1.0,0.0,3,2,5,1,10,551,140,12.9918,42.4949,0.438216,15.4586,39.986,0.371429
rmse,last,9,0.001,70,500,1.0,0.0,3,2,5,1,10,551,141,12.9826,42.492,0.438216,15.4449,39.9829,0.371429
rmse,last,9,0.001,70,500,1.0,0.0,3,2,5,1,10,551,142,12.9739,42.4896,0.438216,15.4342,39.9796,0.371429
rmse,last,9,0.001,70,500,1.0,0.0,3,2,5,1,10,551,143,12.9644,42.4871,0.438216,15.4241,39.9762,0.371429
rmse,last,9,0.001,70,500,1.0,0.0,3,2,5,1,10,551,144,12.9555,42.4843,0.438216,15.4107,39.9727,0.371429
rmse,last,9,0.001,70,500,1.0,0.0,3,2,5,1,10,551,145,12.9469,42.4814,0.438216,15.3961,39.969,0.371429
rmse,last,9,0.001,70,500,1.0,0.0,3,2,5,1,10,551,146,12.9378,42.4788,0.438216,15.3837,39.9651,0.371429
rmse,last,9,0.001,70,500,1.0,0.0,3,2,5,1,10,551,147,12.9287,42.4763,0.438216,15.3724,39.9611,0.371429
rmse,last,9,0.001,70,500,1.0,0.0,3,2,5,1,10,551,148,12.9196,42.4735,0.438216,15.3589,39.9569,0.371429
rmse,last,9,0.001,70,500,1.0,0.0,3,2,5,1,10,551,149,12.9102,42.4706,0.438216,15.3436,39.9524,0.371429
rmse,last,9,0.001,70,500,1.0,0.0,3,2,5,1,10,551,150,12.9015,42.4679,0.438216,15.3294,39.9477,0.371429
rmse,last,9,0.001,70,500,1.0,0.0,3,2,5,1,10,551,-1,12.8977,42.4567,0.438216,15.8566,40.7368,0.371429
rmse,last,9,0.001,70,500,1.0,0.0,3,2,5,1,10,551,151,12.892,42.4654,0.438216,15.3163,39.9426,0.371429
rmse,last,9,0.001,70,500,1.0,0.0,3,2,5,1,10,551,152,12.8833,42.4628,0.438216,15.3016,39.937,0.371429
rmse,last,9,0.001,70,500,1.0,0.0,3,2,5,1,10,551,153,12.8743,42.46,0.438216,15.2847,39.931,0.371429
rmse,last,9,0.001,70,500,1.0,0.0,3,2,5,1,10,551,154,12.865,42.4574,0.438216,15.2677,39.9242,0.371429
rmse,last,9,0.001,70,500,1.0,0.0,3,2,5,1,10,551,155,12.8565,42.4549,0.438216,15.2512,39.9166,0.371429
rmse,last,9,0.001,70,500,1.0,0.0,3,2,5,1,10,551,156,12.8475,42.4526,0.438216,15.2327,39.908,0.371429
rmse,last,9,0.001,70,500,1.0,0.0,3,2,5,1,10,551,157,12.8384,42.4501,0.438216,15.2113,39.8978,0.371429
rmse,last,9,0.001,70,500,1.0,0.0,3,2,5,1,10,551,158,12.8296,42.4477,0.438216,15.1883,39.886,0.371429
rmse,last,9,0.001,70,500,1.0,0.0,3,2,5,1,10,551,159,12.8213,42.4456,0.438216,15.1642,39.8719,0.371429
rmse,last,9,0.001,70,500,1.0,0.0,3,2,5,1,10,551,160,12.8127,42.4436,0.438216,15.1379,39.8553,0.371429
rmse,last,9,0.001,70,500,1.0,0.0,3,2,5,1,10,551,161,12.8042,42.4417,0.438216,15.1096,39.8365,0.371429
rmse,last,9,0.001,70,500,1.0,0.0,3,2,5,1,10,551,162,12.7957,42.44,0.438216,15.0829,39.8165,0.371429
rmse,last,9,0.001,70,500,1.0,0.0,3,2,5,1,10,551,163,12.7868,42.4386,0.438216,15.0614,39.7976,0.371429
rmse,last,9,0.001,70,500,1.0,0.0,3,2,5,1,10,551,164,12.7787,42.4374,0.438216,15.0464,39.7833,0.371429
rmse,last,9,0.001,70,500,1.0,0.0,3,2,5,1,10,551,165,12.7703,42.436,0.438216,15.0362,39.775,0.371429
rmse,last,9,0.001,70,500,1.0,0.0,3,2,5,1,10,551,166,12.7618,42.4348,0.438216,15.0276,39.771,0.371429
rmse,last,9,0.001,70,500,1.0,0.0,3,2,5,1,10,551,167,12.7543,42.4336,0.438216,15.018,39.7682,0.371429
rmse,last,9,0.001,70,500,1.0,0.0,3,2,5,1,10,551,168,12.7464,42.4326,0.438216,15.0067,39.7645,0.371429
rmse,last,9,0.001,70,500,1.0,0.0,3,2,5,1,10,551,169,12.7393,42.4319,0.438216,14.9936,39.7594,0.371429
rmse,last,9,0.001,70,500,1.0,0.0,3,2,5,1,10,551,170,12.7322,42.4314,0.438216,14.9791,39.7529,0.371429
rmse,last,9,0.001,70,500,1.0,0.0,3,2,5,1,10,551,171,12.7248,42.431,0.438216,14.9636,39.7453,0.371429
rmse,last,9,0.001,70,500,1.0,0.0,3,2,5,1,10,551,172,12.7185,42.4309,0.438216,14.9479,39.7373,0.371429
rmse,last,9,0.001,70,500,1.0,0.0,3,2,5,1,10,551,173,12.712,42.4311,0.438216,14.9324,39.7292,0.371429
rmse,last,9,0.001,70,500,1.0,0.0,3,2,5,1,10,551,174,12.7056,42.4315,0.438216,14.9174,39.7215,0.371429
rmse,last,9,0.001,70,500,1.0,0.0,3,2,5,1,10,551,175,12.6994,42.4321,0.438216,14.9028,39.7143,0.371429
rmse,last,9,0.001,70,500,1.0,0.0,3,2,5,1,10,551,176,12.6934,42.4328,0.438216,14.8888,39.7078,0.371429
rmse,last,9,0.001,70,500,1.0,0.0,3,2,5,1,10,551,177,12.6875,42.4337,0.438216,14.8757,39.7023,0.371429
rmse,last,9,0.001,70,500,1.0,0.0,3,2,5,1,10,551,178,12.6814,42.4347,0.438216,14.8633,39.6977,0.371429
rmse,last,9,0.001,70,500,1.0,0.0,3,2,5,1,10,551,179,12.6762,42.4359,0.438216,14.8516,39.6939,0.371429
rmse,last,9,0.001,70,500,1.0,0.0,3,2,5,1,10,551,180,12.6707,42.437,0.438216,14.8404,39.6908,0.371429
rmse,last,9,0.001,70,500,1.0,0.0,3,2,5,1,10,551,181,12.6652,42.4381,0.438216,14.83,39.6883,0.371429
rmse,last,9,0.001,70,500,1.0,0.0,3,2,5,1,10,551,182,12.6598,42.4393,0.438216,14.8201,39.6861,0.371429
rmse,last,9,0.001,70,500,1.0,0.0,3,2,5,1,10,551,183,12.6545,42.4404,0.438216,14.8105,39.684,0.371429
rmse,last,9,0.001,70,500,1.0,0.0,3,2,5,1,10,551,184,12.6492,42.4416,0.438216,14.8013,39.6819,0.371429
rmse,last,9,0.001,70,500,1.0,0.0,3,2,5,1,10,551,185,12.6439,42.4427,0.438216,14.7924,39.6796,0.371429
rmse,last,9,0.001,70,500,1.0,0.0,3,2,5,1,10,551,186,12.6386,42.4437,0.438216,14.7838,39.6772,0.371429
rmse,last,9,0.001,70,500,1.0,0.0,3,2,5,1,10,551,187,12.6334,42.4448,0.438216,14.7753,39.6746,0.371429
rmse,last,9,0.001,70,500,1.0,0.0,3,2,5,1,10,551,188,12.6282,42.4459,0.438216,14.767,39.6719,0.371429
rmse,last,9,0.001,70,500,1.0,0.0,3,2,5,1,10,551,189,12.6225,42.447,0.438216,14.7589,39.6693,0.371429
rmse,last,9,0.001,70,500,1.0,0.0,3,2,5,1,10,551,190,12.618,42.4481,0.438216,14.751,39.6666,0.371429
rmse,last,9,0.001,70,500,1.0,0.0,3,2,5,1,10,551,191,12.6129,42.4492,0.438216,14.7432,39.664,0.371429
rmse,last,9,0.001,70,500,1.0,0.0,3,2,5,1,10,551,192,12.608,42.4505,0.438216,14.7355,39.6615,0.371429
rmse,last,9,0.001,70,500,1.0,0.0,3,2,5,1,10,551,193,12.6028,42.4517,0.438216,14.7279,39.6592,0.371429
rmse,last,9,0.001,70,500,1.0,0.0,3,2,5,1,10,551,194,12.598,42.453,0.438216,14.7205,39.6568,0.371429
rmse,last,9,0.001,70,500,1.0,0.0,3,2,5,1,10,551,195,12.5935,42.4543,0.438216,14.713,39.6546,0.371429
rmse,last,9,0.001,70,500,1.0,0.0,3,2,5,1,10,551,196,12.5892,42.4557,0.438216,14.7057,39.6524,0.371429
rmse,last,9,0.001,70,500,1.0,0.0,3,2,5,1,10,551,197,12.5842,42.4571,0.438216,14.6983,39.6503,0.371429
rmse,last,9,0.001,70,500,1.0,0.0,3,2,5,1,10,551,198,12.5803,42.4586,0.438216,14.6911,39.6481,0.371429
rmse,last,9,0.001,70,500,1.0,0.0,3,2,5,1,10,551,199,12.576,42.4602,0.438216,14.6839,39.646,0.371429
rmse,last,9,0.001,70,500,1.0,0.0,3,2,5,1,10,551,200,12.5718,42.4619,0.438216,14.6767,39.6439,0.371429
rmse,last,9,0.001,70,500,1.0,0.0,3,2,5,1,10,551,-1,12.5623,42.4455,0.438216,15.7093,40.9455,0.371429
rmse,last,9,0.001,70,500,1.0,0.0,3,2,5,1,10,551,201,12.5676,42.4635,0.438216,14.6696,39.6418,0.371429
rmse,last,9,0.001,70,500,1.0,0.0,3,2,5,1,10,551,202,12.5636,42.4654,0.438216,14.6625,39.6397,0.371429
rmse,last,9,0.001,70,500,1.0,0.0,3,2,5,1,10,551,203,12.5596,42.4672,0.438216,14.6554,39.6376,0.371429
rmse,last,9,0.001,70,500,1.0,0.0,3,2,5,1,10,551,204,12.5553,42.4691,0.438216,14.6484,39.6354,0.371429
rmse,last,9,0.001,70,500,1.0,0.0,3,2,5,1,10,551,205,12.5519,42.471,0.438216,14.6415,39.6333,0.371429
rmse,last,9,0.001,70,500,1.0,0.0,3,2,5,1,10,551,206,12.5478,42.4731,0.438216,14.6346,39.6312,0.371429
rmse,last,9,0.001,70,500,1.0,0.0,3,2,5,1,10,551,207,12.5441,42.4752,0.438216,14.6277,39.629,0.371429
rmse,last,9,0.001,70,500,1.0,0.0,3,2,5,1,10,551,208,12.5405,42.4773,0.438216,14.6208,39.6269,0.371429
rmse,last,9,0.001,70,500,1.0,0.0,3,2,5,1,10,551,209,12.5373,42.4795,0.438216,14.614,39.6248,0.371429
rmse,last,9,0.001,70,500,1.0,0.0,3,2,5,1,10,551,210,12.5338,42.4817,0.438216,14.6073,39.6227,0.371429
rmse,last,9,0.001,70,500,1.0,0.0,3,2,5,1,10,551,211,12.5304,42.4839,0.438216,14.6005,39.6205,0.371429
rmse,last,9,0.001,70,500,1.0,0.0,3,2,5,1,10,551,212,12.527,42.4862,0.438216,14.5938,39.6184,0.371429
rmse,last,9,0.001,70,500,1.0,0.0,3,2,5,1,10,551,213,12.5232,42.4885,0.438216,14.5872,39.6163,0.371429
rmse,last,9,0.001,70,500,1.0,0.0,3,2,5,1,10,551,214,12.5203,42.4909,0.438216,14.5806,39.6142,0.371429
rmse,last,9,0.001,70,500,1.0,0.0,3,2,5,1,10,551,215,12.5166,42.4933,0.438216,14.574,39.6122,0.371429
rmse,last,9,0.001,70,500,1.0,0.0,3,2,5,1,10,551,216,12.5139,42.4957,0.438216,14.5674,39.6101,0.371429
rmse,last,9,0.001,70,500,1.0,0.0,3,2,5,1,10,551,217,12.5107,42.4981,0.438216,14.5609,39.608,0.371429
rmse,last,9,0.001,70,500,1.0,0.0,3,2,5,1,10,551,218,12.5076,42.5005,0.438216,14.5544,39.606,0.371429
rmse,last,9,0.001,70,500,1.0,0.0,3,2,5,1,10,551,219,12.5045,42.503,0.438216,14.5479,39.604,0.371429
rmse,last,9,0.001,70,500,1.0,0.0,3,2,5,1,10,551,220,12.5015,42.5055,0.438216,14.5414,39.6019,0.371429
rmse,last,9,0.001,70,500,1.0,0.0,3,2,5,1,10,551,221,12.4984,42.508,0.438216,14.5349,39.5999,0.371429
rmse,last,9,0.001,70,500,1.0,0.0,3,2,5,1,10,551,222,12.4955,42.5106,0.438216,14.5285,39.5978,0.371429
rmse,last,9,0.001,70,500,1.0,0.0,3,2,5,1,10,551,223,12.4925,42.5131,0.438216,14.522,39.5958,0.371429
rmse,last,9,0.001,70,500,1.0,0.0,3,2,5,1,10,551,224,12.4893,42.5156,0.438216,14.5155,39.5937,0.371429
rmse,last,9,0.001,70,500,1.0,0.0,3,2,5,1,10,551,225,12.4861,42.5182,0.438216,14.509,39.5916,0.371429
rmse,last,9,0.001,70,500,1.0,0.0,3,2,5,1,10,551,226,12.4834,42.5207,0.438216,14.5025,39.5895,0.371429
rmse,last,9,0.001,70,500,1.0,0.0,3,2,5,1,10,551,227,12.4809,42.5233,0.438216,14.496,39.5874,0.371429
rmse,last,9,0.001,70,500,1.0,0.0,3,2,5,1,10,551,228,12.478,42.5259,0.438216,14.4894,39.5852,0.371429
rmse,last,9,0.001,70,500,1.0,0.0,3,2,5,1,10,551,229,12.4752,42.5285,0.438216,14.4828,39.583,0.371429
rmse,last,9,0.001,70,500,1.0,0.0,3,2,5,1,10,551,230,12.4724,42.5312,0.438216,14.4761,39.5808,0.371429
rmse,last,9,0.001,70,500,1.0,0.0,3,2,5,1,10,551,231,12.4697,42.5338,0.438216,14.4694,39.5785,0.371429
rmse,last,9,0.001,70,500,1.0,0.0,3,2,5,1,10,551,232,12.4666,42.5364,0.438216,14.4626,39.5762,0.371429
rmse,last,9,0.001,70,500,1.0,0.0,3,2,5,1,10,551,233,12.4642,42.5391,0.438216,14.4557,39.5738,0.371429
rmse,last,9,0.001,70,500,1.0,0.0,3,2,5,1,10,551,234,12.4612,42.5418,0.438216,14.4488,39.5713,0.371429
rmse,last,9,0.001,70,500,1.0,0.0,3,2,5,1,10,551,235,12.4588,42.5444,0.438216,14.4417,39.5687,0.371429
rmse,last,9,0.001,70,500,1.0,0.0,3,2,5,1,10,551,236,12.4562,42.5471,0.438216,14.4345,39.566,0.371429
rmse,last,9,0.001,70,500,1.0,0.0,3,2,5,1,10,551,237,12.4535,42.5498,0.438216,14.4271,39.5633,0.371429
rmse,last,9,0.001,70,500,1.0,0.0,3,2,5,1,10,551,238,12.4509,42.5526,0.438216,14.4196,39.5603,0.371429
rmse,last,9,0.001,70,500,1.0,0.0,3,2,5,1,10,551,239,12.4484,42.5553,0.438216,14.4118,39.5573,0.371429
rmse,last,9,0.001,70,500,1.0,0.0,3,2,5,1,10,551,240,12.4454,42.5581,0.438216,14.4039,39.554,0.371429
rmse,last,9,0.001,70,500,1.0,0.0,3,2,5,1,10,551,241,12.4433,42.5608,0.438216,14.3956,39.5505,0.371429
rmse,last,9,0.001,70,500,1.0,0.0,3,2,5,1,10,551,242,12.4407,42.5636,0.438216,14.3871,39.5469,0.371429
rmse,last,9,0.001,70,500,1.0,0.0,3,2,5,1,10,551,243,12.4383,42.5665,0.438216,14.3783,39.5429,0.371429
rmse,last,9,0.001,70,500,1.0,0.0,3,2,5,1,10,551,244,12.4358,42.5693,0.438216,14.3691,39.5387,0.371429
rmse,last,9,0.001,70,500,1.0,0.0,3,2,5,1,10,551,245,12.4333,42.5721,0.438216,14.3595,39.5342,0.371429
rmse,last,9,0.001,70,500,1.0,0.0,3,2,5,1,10,551,246,12.4309,42.575,0.438216,14.3495,39.5294,0.371429
rmse,last,9,0.001,70,500,1.0,0.0,3,2,5,1,10,551,247,12.4285,42.5779,0.438216,14.3391,39.5242,0.371429
rmse,last,9,0.001,70,500,1.0,0.0,3,2,5,1,10,551,248,12.4261,42.5807,0.438216,14.3282,39.5186,0.371429
rmse,last,9,0.001,70,500,1.0,0.0,3,2,5,1,10,551,249,12.4234,42.5837,0.438216,14.3169,39.5128,0.371429
rmse,last,9,0.001,70,500,1.0,0.0,3,2,5,1,10,551,250,12.421,42.5866,0.438216,14.3053,39.5066,0.371429
rmse,last,9,0.001,70,500,1.0,0.0,3,2,5,1,10,551,-1,12.404,42.568,0.43819,15.5611,41.0787,0.371429
rmse,last,9,0.001,70,500,1.0,0.0,3,2,5,1,10,551,251,12.419,42.5895,0.438216,14.2933,39.5001,0.371429
rmse,last,9,0.001,70,500,1.0,0.0,3,2,5,1,10,551,252,12.4167,42.5924,0.438216,14.281,39.4934,0.371429
rmse,last,9,0.001,70,500,1.0,0.0,3,2,5,1,10,551,253,12.4143,42.5953,0.438216,14.2685,39.4865,0.371429
rmse,last,9,0.001,70,500,1.0,0.0,3,2,5,1,10,551,254,12.4119,42.5982,0.438216,14.2559,39.4795,0.371429
rmse,last,9,0.001,70,500,1.0,0.0,3,2,5,1,10,551,255,12.4095,42.6011,0.438216,14.2432,39.4725,0.371429
rmse,last,9,0.001,70,500,1.0,0.0,3,2,5,1,10,551,256,12.4071,42.604,0.438216,14.2304,39.4654,0.371429
rmse,last,9,0.001,70,500,1.0,0.0,3,2,5,1,10,551,257,12.4046,42.6069,0.438216,14.2177,39.4582,0.371429
rmse,last,9,0.001,70,500,1.0,0.0,3,2,5,1,10,551,258,12.4021,42.6098,0.438216,14.2051,39.4512,0.371429
rmse,last,9,0.001,70,500,1.0,0.0,3,2,5,1,10,551,259,12.3996,42.6127,0.438216,14.1925,39.4442,0.371429
rmse,last,9,0.001,70,500,1.0,0.0,3,2,5,1,10,551,260,12.397,42.6156,0.438216,14.1801,39.4373,0.371429
rmse,last,9,0.001,70,500,1.0,0.0,3,2,5,1,10,551,261,12.3946,42.6185,0.438216,14.1679,39.4306,0.371429
rmse,last,9,0.001,70,500,1.0,0.0,3,2,5,1,10,551,262,12.392,42.6214,0.438216,14.1559,39.424,0.371429
rmse,last,9,0.001,70,500,1.0,0.0,3,2,5,1,10,551,263,12.3894,42.6243,0.438216,14.1442,39.4177,0.371429
rmse,last,9,0.001,70,500,1.0,0.0,3,2,5,1,10,551,264,12.3864,42.6271,0.438216,14.1328,39.4116,0.371429
rmse,last,9,0.001,70,500,1.0,0.0,3,2,5,1,10,551,265,12.3842,42.6301,0.438216,14.1217,39.4059,0.371429
rmse,last,9,0.001,70,500,1.0,0.0,3,2,5,1,10,551,266,12.3816,42.633,0.438216,14.111,39.4004,0.371429
rmse,last,9,0.001,70,500,1.0,0.0,3,2,5,1,10,551,267,12.379,42.636,0.438216,14.1006,39.3951,0.371429
rmse,last,9,0.001,70,500,1.0,0.0,3,2,5,1,10,551,268,12.3764,42.6389,0.438216,14.0906,39.3901,0.371429
rmse,last,9,0.001,70,500,1.0,0.0,3,2,5,1,10,551,269,12.3734,42.6418,0.438216,14.0808,39.3853,0.371429
rmse,last,9,0.001,70,500,1.0,0.0,3,2,5,1,10,551,270,12.3711,42.6448,0.438216,14.0712,39.3807,0.371429
rmse,last,9,0.001,70,500,1.0,0.0,3,2,5,1,10,551,271,12.3686,42.6478,0.438216,14.0619,39.3763,0.371429
rmse,last,9,0.001,70,500,1.0,0.0,3,2,5,1,10,551,272,12.3659,42.6508,0.438216,14.0528,39.372,0.371429
rmse,last,9,0.001,70,500,1.0,0.0,3,2,5,1,10,551,273,12.3634,42.6538,0.438216,14.0438,39.3678,0.371429
rmse,last,9,0.001,70,500,1.0,0.0,3,2,5,1,10,551,274,12.361,42.6568,0.438216,14.0349,39.3636,0.371429
rmse,last,9,0.001,70,500,1.0,0.0,3,2,5,1,10,551,275,12.3585,42.66,0.438216,14.0261,39.3595,0.371429
rmse,last,9,0.001,70,500,1.0,0.0,3,2,5,1,10,551,276,12.356,42.663,0.438216,14.0174,39.3554,0.371429
rmse,last,9,0.001,70,500,1.0,0.0,3,2,5,1,10,551,277,12.3536,42.6661,0.438216,14.0087,39.3513,0.371429
rmse,last,9,0.001,70,500,1.0,0.0,3,2,5,1,10,551,278,12.3512,42.6693,0.438216,14.0001,39.3472,0.371429
rmse,last,9,0.001,70,500,1.0,0.0,3,2,5,1,10,551,279,12.3488,42.6724,0.438216,13.9914,39.3431,0.371429
rmse,last,9,0.001,70,500,1.0,0.0,3,2,5,1,10,551,280,12.3465,42.6755,0.438216,13.9827,39.3389,0.371429
rmse,last,9,0.001,70,500,1.0,0.0,3,2,5,1,10,551,281,12.3441,42.6786,0.438216,13.9739,39.3347,0.371429
rmse,last,9,0.001,70,500,1.0,0.0,3,2,5,1,10,551,282,12.3419,42.6819,0.438216,13.9651,39.3303,0.371429
rmse,last,9,0.001,70,500,1.0,0.0,3,2,5,1,10,551,283,12.3396,42.6851,0.438216,13.9561,39.3258,0.371429
rmse,last,9,0.001,70,500,1.0,0.0,3,2,5,1,10,551,284,12.3375,42.6883,0.438242,13.947,39.3212,0.371429
rmse,last,9,0.001,70,500,1.0,0.0,3,2,5,1,10,551,285,12.3353,42.6915,0.438242,13.9378,39.3164,0.371429
rmse,last,9,0.001,70,500,1.0,0.0,3,2,5,1,10,551,286,12.3331,42.6948,0.438242,13.9283,39.3114,0.371429
rmse,last,9,0.001,70,500,1.0,0.0,3,2,5,1,10,551,287,12.3306,42.6979,0.438216,13.9185,39.3062,0.371429
rmse,last,9,0.001,70,500,1.0,0.0,3,2,5,1,10,551,288,12.3284,42.7011,0.438216,13.9084,39.3007,0.371429
rmse,last,9,0.001,70,500,1.0,0.0,3,2,5,1,10,551,289,12.3263,42.7044,0.438216,13.8979,39.2948,0.371429
rmse,last,9,0.001,70,500,1.0,0.0,3,2,5,1,10,551,290,12.3246,42.7076,0.438242,13.8869,39.2886,0.371429
rmse,last,9,0.001,70,500,1.0,0.0,3,2,5,1,10,551,291,12.3226,42.7107,0.438268,13.8753,39.2818,0.371429
rmse,last,9,0.001,70,500,1.0,0.0,3,2,5,1,10,551,292,12.3205,42.7139,0.438268,13.863,39.2744,0.371429
rmse,last,9,0.001,70,500,1.0,0.0,3,2,5,1,10,551,293,12.3181,42.717,0.438294,13.8499,39.2664,0.371429
rmse,last,9,0.001,70,500,1.0,0.0,3,2,5,1,10,551,294,12.3164,42.72,0.438294,13.8358,39.2576,0.371429
rmse,last,9,0.001,70,500,1.0,0.0,3,2,5,1,10,551,295,12.314,42.723,0.438294,13.8206,39.248,0.371429
rmse,last,9,0.001,70,500,1.0,0.0,3,2,5,1,10,551,296,12.3119,42.726,0.438294,13.8043,39.2376,0.371429
rmse,last,9,0.001,70,500,1.0,0.0,3,2,5,1,10,551,297,12.3103,42.7289,0.438294,13.7869,39.2263,0.371429
rmse,last,9,0.001,70,500,1.0,0.0,3,2,5,1,10,551,298,12.3082,42.7317,0.438268,13.7684,39.2143,0.371429
rmse,last,9,0.001,70,500,1.0,0.0,3,2,5,1,10,551,299,12.3061,42.7345,0.438294,13.7489,39.2016,0.371429
rmse,last,9,0.001,70,500,1.0,0.0,3,2,5,1,10,551,300,12.304,42.7372,0.438294,13.7282,39.1881,0.371429
rmse,last,9,0.001,70,500,1.0,0.0,3,2,5,1,10,551,-1,12.272,42.7115,0.438138,15.606,41.3872,0.371429
rmse,last,9,0.001,70,500,1.0,0.0,3,2,5,1,10,551,301,12.302,42.7397,0.438268,13.7064,39.1737,0.371429
rmse,last,9,0.001,70,500,1.0,0.0,3,2,5,1,10,551,302,12.2999,42.7423,0.438268,13.6832,39.1582,0.371429
rmse,last,9,0.001,70,500,1.0,0.0,3,2,5,1,10,551,303,12.298,42.7448,0.438268,13.6582,39.1408,0.371429
rmse,last,9,0.001,70,500,1.0,0.0,3,2,5,1,10,551,304,12.2961,42.7473,0.438268,13.6307,39.121,0.371429
rmse,last,9,0.001,70,500,1.0,0.0,3,2,5,1,10,551,305,12.2943,42.7499,0.438294,13.6001,39.0978,0.371429
rmse,last,9,0.001,70,500,1.0,0.0,3,2,5,1,10,551,306,12.2928,42.7522,0.43832,13.5658,39.0712,0.371429
rmse,last,9,0.001,70,500,1.0,0.0,3,2,5,1,10,551,307,12.2913,42.7546,0.43832,13.5285,39.0426,0.371429
rmse,last,9,0.001,70,500,1.0,0.0,3,2,5,1,10,551,308,12.2894,42.7569,0.438346,13.4909,39.0157,0.371429
rmse,last,9,0.001,70,500,1.0,0.0,3,2,5,1,10,551,309,12.2876,42.7591,0.438346,13.4577,38.9949,0.371429
rmse,last,9,0.001,70,500,1.0,0.0,3,2,5,1,10,551,310,12.2847,42.7611,0.438346,13.4321,38.9825,0.371429
rmse,last,9,0.001,70,500,1.0,0.0,3,2,5,1,10,551,311,12.2809,42.7627,0.438346,13.4138,38.9776,0.371429
rmse,last,9,0.001,70,500,1.0,0.0,3,2,5,1,10,551,312,12.2771,42.7642,0.43832,13.3999,38.9772,0.371429
rmse,last,9,0.001,70,500,1.0,0.0,3,2,5,1,10,551,313,12.2727,42.7655,0.438346,13.3884,38.9784,0.371429
rmse,last,9,0.001,70,500,1.0,0.0,3,2,5,1,10,551,314,12.2675,42.7668,0.438372,13.3782,38.9792,0.371429
rmse,last,9,0.001,70,500,1.0,0.0,3,2,5,1,10,551,315,12.2625,42.7679,0.438372,13.3688,38.9782,0.371429
rmse,last,9,0.001,70,500,1.0,0.0,3,2,5,1,10,551,316,12.2577,42.7689,0.438372,13.3599,38.9747,0.371429
rmse,last,9,0.001,70,500,1.0,0.0,3,2,5,1,10,551,317,12.2524,42.7698,0.438372,13.3516,38.9685,0.371429
rmse,last,9,0.001,70,500,1.0,0.0,3,2,5,1,10,551,318,12.2468,42.7707,0.438372,13.3437,38.96,0.371429
rmse,last,9,0.001,70,500,1.0,0.0,3,2,5,1,10,551,319,12.2414,42.7715,0.438372,13.3363,38.9496,0.371429
rmse,last,9,0.001,70,500,1.0,0.0,3,2,5,1,10,551,320,12.2357,42.7724,0.438372,13.3294,38.9382,0.371429
rmse,last,9,0.001,70,500,1.0,0.0,3,2,5,1,10,551,321,12.2298,42.7732,0.438372,13.3228,38.9267,0.371429
rmse,last,9,0.001,70,500,1.0,0.0,3,2,5,1,10,551,322,12.224,42.7739,0.438346,13.3166,38.9156,0.371429
rmse,last,9,0.001,70,500,1.0,0.0,3,2,5,1,10,551,323,12.218,42.7746,0.43832,13.3108,38.9057,0.371429
rmse,last,9,0.001,70,500,1.0,0.0,3,2,5,1,10,551,324,12.2118,42.7751,0.438294,13.3055,38.8972,0.371429
rmse,last,9,0.001,70,500,1.0,0.0,3,2,5,1,10,551,325,12.2056,42.7756,0.438294,13.3005,38.8901,0.371429
rmse,last,9,0.001,70,500,1.0,0.0,3,2,5,1,10,551,326,12.1993,42.7759,0.43832,13.2959,38.8843,0.371429
rmse,last,9,0.001,70,500,1.0,0.0,3,2,5,1,10,551,327,12.1929,42.7762,0.43832,13.2913,38.8792,0.371429
rmse,last,9,0.001,70,500,1.0,0.0,3,2,5,1,10,551,328,12.1864,42.7763,0.43832,13.2865,38.8746,0.371429
rmse,last,9,0.001,70,500,1.0,0.0,3,2,5,1,10,551,329,12.1798,42.7764,0.43832,13.2809,38.8698,0.371429
rmse,last,9,0.001,70,500,1.0,0.0,3,2,5,1,10,551,330,12.1732,42.7763,0.43832,13.2744,38.8647,0.371429
rmse,last,9,0.001,70,500,1.0,0.0,3,2,5,1,10,551,331,12.1666,42.7761,0.43832,13.2666,38.8589,0.371429
rmse,last,9,0.001,70,500,1.0,0.0,3,2,5,1,10,551,332,12.16,42.7758,0.43832,13.2578,38.8525,0.371429
rmse,last,9,0.001,70,500,1.0,0.0,3,2,5,1,10,551,333,12.1535,42.7755,0.43832,13.2477,38.8457,0.371429
rmse,last,9,0.001,70,500,1.0,0.0,3,2,5,1,10,551,334,12.1469,42.7751,0.43832,13.2369,38.8387,0.371429
rmse,last,9,0.001,70,500,1.0,0.0,3,2,5,1,10,551,335,12.1404,42.7746,0.43832,13.2255,38.8316,0.371429
rmse,last,9,0.001,70,500,1.0,0.0,3,2,5,1,10,551,336,12.134,42.7742,0.43832,13.2139,38.8247,0.371429
rmse,last,9,0.001,70,500,1.0,0.0,3,2,5,1,10,551,337,12.1275,42.7738,0.43832,13.202,38.8182,0.371429
rmse,last,9,0.001,70,500,1.0,0.0,3,2,5,1,10,551,338,12.1212,42.7733,0.43832,13.1906,38.8119,0.371429
rmse,last,9,0.001,70,500,1.0,0.0,3,2,5,1,10,551,339,12.1149,42.7731,0.43832,13.179,38.806,0.371429
rmse,last,9,0.001,70,500,1.0,0.0,3,2,5,1,10,551,340,12.1088,42.7728,0.43832,13.1682,38.8003,0.371429
rmse,last,9,0.001,70,500,1.0,0.0,3,2,5,1,10,551,341,12.1023,42.7727,0.438294,13.1571,38.7948,0.371429
rmse,last,9,0.001,70,500,1.0,0.0,3,2,5,1,10,551,342,12.0967,42.7726,0.438294,13.1474,38.7894,0.371429
rmse,last,9,0.001,70,500,1.0,0.0,3,2,5,1,10,551,343,12.0908,42.7727,0.438294,13.1368,38.784,0.371429
rmse,last,9,0.001,70,500,1.0,0.0,3,2,5,1,10,551,344,12.0851,42.7728,0.438294,13.1285,38.7785,0.371429
rmse,last,9,0.001,70,500,1.0,0.0,3,2,5,1,10,551,345,12.0789,42.7731,0.438294,13.1178,38.773,0.371429
rmse,last,9,0.001,70,500,1.0,0.0,3,2,5,1,10,551,346,12.074,42.7735,0.438294,13.1119,38.7675,0.371429
rmse,last,9,0.001,70,500,1.0,0.0,3,2,5,1,10,551,347,12.0682,42.7741,0.438294,13.0992,38.7618,0.371429
rmse,last,9,0.001,70,500,1.0,0.0,3,2,5,1,10,551,348,12.0631,42.7746,0.438294,13.0989,38.7562,0.371429
rmse,last,9,0.001,70,500,1.0,0.0,3,2,5,1,10,551,349,12.0571,42.7755,0.438294,13.078,38.7509,0.371429
rmse,last,9,0.001,70,500,1.0,0.0,3,2,5,1,10,551,350,12.0542,42.7761,0.438294,13.0956,38.7465,0.371429
rmse,last,9,0.001,70,500,1.0,0.0,3,2,5,1,10,551,-1,11.9984,42.7482,0.438138,15.3232,41.5026,0.371429
rmse,last,9,0.001,70,500,1.0,0.0,3,2,5,1,10,551,351,12.0454,42.7776,0.438294,13.044,38.7466,0.371429
rmse,last,9,0.001,70,500,1.0,0.0,3,2,5,1,10,551,352,12.0476,42.778,0.438294,13.132,38.7582,0.371429
rmse,last,9,0.001,70,500,1.0,0.0,3,2,5,1,10,551,353,12.0286,42.7812,0.43832,12.9585,38.84,0.371429
rmse,last,9,0.001,70,500,1.0,0.0,3,2,5,1,10,551,354,12.0439,42.7805,0.438294,13.2524,38.8597,0.371429
rmse,last,9,0.001,70,500,1.0,0.0,3,2,5,1,10,551,355,12.012,42.7884,0.43832,12.6886,39.1854,0.371429
rmse,last,9,0.001,70,500,1.0,0.0,3,2,5,1,10,551,356,12.0157,42.7836,0.43832,12.9415,38.8039,0.371429
rmse,last,9,0.001,70,500,1.0,0.0,3,2,5,1,10,551,357,12.0666,42.7929,0.438346,15.1751,41.0429,0.371429
rmse,last,9,0.001,70,500,1.0,0.0,3,2,5,1,10,551,358,12.0366,42.7909,0.438372,10.5001,41.7205,0.371429
rmse,last,9,0.001,70,500,1.0,0.0,3,2,5,1,10,551,359,12.0606,42.7674,0.43832,14.9808,44.7706,0.371429
rmse,last,9,0.001,70,500,1.0,0.0,3,2,5,1,10,551,360,12.0447,42.7577,0.438294,17.632,45.7891,0.371429
rmse,last,9,0.001,70,500,1.0,0.0,3,2,5,1,10,551,361,12.0454,42.7719,0.438398,10.8307,41.8091,0.371429
rmse,last,9,0.001,70,500,1.0,0.0,3,2,5,1,10,551,362,11.9969,42.7674,0.43832,12.9037,38.9812,0.371429
rmse,last,9,0.001,70,500,1.0,0.0,3,2,5,1,10,551,363,12.2402,42.8555,0.438164,15.5041,44.6102,0.371429
rmse,last,9,0.001,70,500,1.0,0.0,3,2,5,1,10,551,364,12.3498,42.9004,0.438164,9.82897,41.417,0.371429
rmse,last,9,0.001,70,500,1.0,0.0,3,2,5,1,10,551,365,12.4313,42.8575,0.438216,18.5419,44.7788,0.371429
rmse,last,9,0.001,70,500,1.0,0.0,3,2,5,1,10,551,366,12.494,42.8713,0.438216,20.3054,46.3521,0.371429
rmse,last,9,0.001,70,500,1.0,0.0,3,2,5,1,10,551,367,12.5304,42.9403,0.438216,14.901,41.2389,0.371429
rmse,last,9,0.001,70,500,1.0,0.0,3,2,5,1,10,551,368,12.571,43.0117,0.438216,11.5168,41.1258,0.371429
rmse,last,9,0.001,70,500,1.0,0.0,3,2,5,1,10,551,369,12.6055,43.0288,0.438138,10.4147,41.4041,0.371429
rmse,last,9,0.001,70,500,1.0,0.0,3,2,5,1,10,551,370,12.6341,43.0657,0.438138,12.1281,43.0066,0.371429
rmse,last,9,0.001,70,500,1.0,0.0,3,2,5,1,10,551,371,12.6061,43.053,0.438138,17.9042,45.0008,0.371429
rmse,last,9,0.001,70,500,1.0,0.0,3,2,5,1,10,551,372,12.6646,43.0683,0.438138,12.4143,43.1521,0.371429
rmse,last,9,0.001,70,500,1.0,0.0,3,2,5,1,10,551,373,12.6943,43.0531,0.438164,11.2313,41.6816,0.371429
rmse,last,9,0.001,70,500,1.0,0.0,3,2,5,1,10,551,374,12.6666,43.0192,0.43819,9.45045,41.4916,0.371429
rmse,last,9,0.001,70,500,1.0,0.0,3,2,5,1,10,551,375,12.6955,43.0183,0.438216,12.3155,41.0907,0.371429
rmse,last,9,0.001,70,500,1.0,0.0,3,2,5,1,10,551,376,12.7217,43.0013,0.438216,14.6758,40.7384,0.371429
rmse,last,9,0.001,70,500,1.0,0.0,3,2,5,1,10,551,377,12.6967,42.9359,0.438216,15.2485,41.8022,0.371429
rmse,last,9,0.001,70,500,1.0,0.0,3,2,5,1,10,551,378,12.7138,42.9427,0.438216,14.8804,41.3452,0.371429
rmse,last,9,0.001,70,500,1.0,0.0,3,2,5,1,10,551,379,12.7622,42.9982,0.438216,14.6549,40.6959,0.371429
rmse,last,9,0.001,70,500,1.0,0.0,3,2,5,1,10,551,380,12.7691,43.0104,0.438216,13.6521,41.0469,0.371429
rmse,last,9,0.001,70,500,1.0,0.0,3,2,5,1,10,551,381,12.759,43.0096,0.438216,11.0351,41.1385,0.371429
rmse,last,9,0.001,70,500,1.0,0.0,3,2,5,1,10,551,382,12.7606,43.0067,0.438216,9.76987,41.3538,0.371429
rmse,last,9,0.001,70,500,1.0,0.0,3,2,5,1,10,551,383,12.7689,43.0045,0.43819,9.42625,41.4006,0.371429
rmse,last,9,0.001,70,500,1.0,0.0,3,2,5,1,10,551,384,12.7791,43.0033,0.43819,9.37384,41.3781,0.371429
rmse,last,9,0.001,70,500,1.0,0.0,3,2,5,1,10,551,385,12.7923,43.0046,0.43819,9.5338,41.3135,0.371429
rmse,last,9,0.001,70,500,1.0,0.0,3,2,5,1,10,551,386,12.8099,43.0097,0.43819,9.97907,41.242,0.371429
rmse,last,9,0.001,70,500,1.0,0.0,3,2,5,1,10,551,387,12.8268,43.0163,0.43819,10.5599,41.2616,0.371429
rmse,last,9,0.001,70,500,1.0,0.0,3,2,5,1,10,551,388,12.8364,43.0181,0.438164,10.8738,41.3276,0.371429
rmse,last,9,0.001,70,500,1.0,0.0,3,2,5,1,10,551,389,12.8376,43.0123,0.438164,10.7792,41.2853,0.371429
rmse,last,9,0.001,70,500,1.0,0.0,3,2,5,1,10,551,390,12.8317,43.0007,0.43819,10.3618,41.2039,0.371429
rmse,last,9,0.001,70,500,1.0,0.0,3,2,5,1,10,551,391,12.8234,42.9883,0.43819,9.91235,41.1996,0.371429
rmse,last,9,0.001,70,500,1.0,0.0,3,2,5,1,10,551,392,12.8187,42.9792,0.43819,9.65914,41.2257,0.371429
rmse,last,9,0.001,70,500,1.0,0.0,3,2,5,1,10,551,393,12.8189,42.9736,0.43819,9.58237,41.2329,0.371429
rmse,last,9,0.001,70,500,1.0,0.0,3,2,5,1,10,551,394,12.8236,42.9709,0.43819,9.62457,41.2155,0.371429
rmse,last,9,0.001,70,500,1.0,0.0,3,2,5,1,10,551,395,12.8324,42.971,0.43819,9.79357,41.1769,0.371429
rmse,last,9,0.001,70,500,1.0,0.0,3,2,5,1,10,551,396,12.8447,42.9738,0.43819,10.1102,41.1369,0.371429
rmse,last,9,0.001,70,500,1.0,0.0,3,2,5,1,10,551,397,12.8573,42.9774,0.43819,10.4825,41.1333,0.371429
rmse,last,9,0.001,70,500,1.0,0.0,3,2,5,1,10,551,398,12.8657,42.9782,0.43819,10.707,41.1524,0.371429
rmse,last,9,0.001,70,500,1.0,0.0,3,2,5,1,10,551,399,12.8682,42.974,0.43819,10.6716,41.1333,0.371429
rmse,last,9,0.001,70,500,1.0,0.0,3,2,5,1,10,551,400,12.8657,42.9657,0.43819,10.4254,41.0936,0.371429
rmse,last,9,0.001,70,500,1.0,0.0,3,2,5,1,10,551,-1,12.8691,42.9338,0.438164,10.9363,41.918,0.371429
rmse,last,9,0.001,70,500,1.0,0.0,3,2,5,1,10,551,401,12.8616,42.9565,0.43819,10.138,41.0821,0.371429
rmse,last,9,0.001,70,500,1.0,0.0,3,2,5,1,10,551,402,12.8601,42.9494,0.43819,9.95857,41.0871,0.371429
rmse,last,9,0.001,70,500,1.0,0.0,3,2,5,1,10,551,403,12.8625,42.9453,0.43819,9.9235,41.0812,0.371429
rmse,last,9,0.001,70,500,1.0,0.0,3,2,5,1,10,551,404,12.8691,42.944,0.43819,10.0236,41.0585,0.371429
rmse,last,9,0.001,70,500,1.0,0.0,3,2,5,1,10,551,405,12.8787,42.9451,0.43819,10.2373,41.0321,0.371429
rmse,last,9,0.001,70,500,1.0,0.0,3,2,5,1,10,551,406,12.8888,42.9469,0.43819,10.4849,41.0229,0.371429
rmse,last,9,0.001,70,500,1.0,0.0,3,2,5,1,10,551,407,12.8962,42.9466,0.43819,10.6316,41.0236,0.371429
rmse,last,9,0.001,70,500,1.0,0.0,3,2,5,1,10,551,408,12.8992,42.9426,0.43819,10.5987,41.0063,0.371429
rmse,last,9,0.001,70,500,1.0,0.0,3,2,5,1,10,551,409,12.8986,42.9358,0.43819,10.4268,40.9815,0.371429
rmse,last,9,0.001,70,500,1.0,0.0,3,2,5,1,10,551,410,12.8975,42.9287,0.43819,10.2396,40.9711,0.371429
rmse,last,9,0.001,70,500,1.0,0.0,3,2,5,1,10,551,411,12.8988,42.9234,0.43819,10.1415,40.9658,0.371429
rmse,last,9,0.001,70,500,1.0,0.0,3,2,5,1,10,551,412,12.9033,42.9206,0.43819,10.1657,40.9511,0.371429
rmse,last,9,0.001,70,500,1.0,0.0,3,2,5,1,10,551,413,12.9109,42.9201,0.43819,10.2976,40.9297,0.371429
rmse,last,9,0.001,70,500,1.0,0.0,3,2,5,1,10,551,414,12.9195,42.9205,0.43819,10.4732,40.9158,0.371429
rmse,last,9,0.001,70,500,1.0,0.0,3,2,5,1,10,551,415,12.9263,42.9195,0.43819,10.585,40.9092,0.371429
rmse,last,9,0.001,70,500,1.0,0.0,3,2,5,1,10,551,416,12.9296,42.9159,0.43819,10.5644,40.8938,0.371429
rmse,last,9,0.001,70,500,1.0,0.0,3,2,5,1,10,551,417,12.9302,42.91,0.43819,10.4391,40.8743,0.371429
rmse,last,9,0.001,70,500,1.0,0.0,3,2,5,1,10,551,418,12.9305,42.9039,0.43819,10.3057,40.8629,0.371429
rmse,last,9,0.001,70,500,1.0,0.0,3,2,5,1,10,551,419,12.9327,42.8994,0.43819,10.2486,40.8529,0.371429
rmse,last,9,0.001,70,500,1.0,0.0,3,2,5,1,10,551,420,12.9377,42.8972,0.43819,10.2918,40.8367,0.371429
rmse,last,9,0.001,70,500,1.0,0.0,3,2,5,1,10,551,421,12.9446,42.8962,0.43819,10.4025,40.8202,0.371429
rmse,last,9,0.001,70,500,1.0,0.0,3,2,5,1,10,551,422,12.9512,42.8951,0.43819,10.5042,40.8096,0.371429
rmse,last,9,0.001,70,500,1.0,0.0,3,2,5,1,10,551,423,12.9555,42.8924,0.43819,10.5256,40.7979,0.371429
rmse,last,9,0.001,70,500,1.0,0.0,3,2,5,1,10,551,424,12.9573,42.8877,0.43819,10.4578,40.7818,0.371429
rmse,last,9,0.001,70,500,1.0,0.0,3,2,5,1,10,551,425,12.958,42.8822,0.43819,10.356,40.7683,0.371429
rmse,last,9,0.001,70,500,1.0,0.0,3,2,5,1,10,551,426,12.9598,42.8775,0.43819,10.2905,40.7578,0.371429
rmse,last,9,0.001,70,500,1.0,0.0,3,2,5,1,10,551,427,12.9637,42.8745,0.43819,10.296,40.7447,0.371429
rmse,last,9,0.001,70,500,1.0,0.0,3,2,5,1,10,551,428,12.9691,42.8728,0.43819,10.3589,40.7304,0.371429
rmse,last,9,0.001,70,500,1.0,0.0,3,2,5,1,10,551,429,12.9748,42.8713,0.43819,10.4303,40.7187,0.371429
rmse,last,9,0.001,70,500,1.0,0.0,3,2,5,1,10,551,430,12.9793,42.8689,0.43819,10.4585,40.7079,0.371429
rmse,last,9,0.001,70,500,1.0,0.0,3,2,5,1,10,551,431,12.9818,42.8651,0.43819,10.4262,40.6948,0.371429
rmse,last,9,0.001,70,500,1.0,0.0,3,2,5,1,10,551,432,12.9833,42.8605,0.43819,10.3595,40.6822,0.371429
rmse,last,9,0.001,70,500,1.0,0.0,3,2,5,1,10,551,433,12.985,42.8561,0.43819,10.3041,40.6713,0.371429
rmse,last,9,0.001,70,500,1.0,0.0,3,2,5,1,10,551,434,12.9882,42.8528,0.43819,10.2906,40.66,0.371429
rmse,last,9,0.001,70,500,1.0,0.0,3,2,5,1,10,551,435,12.9926,42.8507,0.43819,10.3201,40.6476,0.371429
rmse,last,9,0.001,70,500,1.0,0.0,3,2,5,1,10,551,436,12.9976,42.8491,0.43819,10.3679,40.636,0.371429
rmse,last,9,0.001,70,500,1.0,0.0,3,2,5,1,10,551,437,13.0022,42.8471,0.43819,10.4007,40.6253,0.371429
rmse,last,9,0.001,70,500,1.0,0.0,3,2,5,1,10,551,438,13.0056,42.8442,0.43819,10.3976,40.614,0.371429
rmse,last,9,0.001,70,500,1.0,0.0,3,2,5,1,10,551,439,13.0079,42.8405,0.43819,10.3633,40.6022,0.371429
rmse,last,9,0.001,70,500,1.0,0.0,3,2,5,1,10,551,440,13.0099,42.8367,0.43819,10.3213,40.5911,0.371429
rmse,last,9,0.001,70,500,1.0,0.0,3,2,5,1,10,551,441,13.0124,42.8333,0.43819,10.2965,40.5804,0.371429
rmse,last,9,0.001,70,500,1.0,0.0,3,2,5,1,10,551,442,13.0159,42.8308,0.43819,10.2998,40.5693,0.371429
rmse,last,9,0.001,70,500,1.0,0.0,3,2,5,1,10,551,443,13.0201,42.8288,0.43819,10.3256,40.5581,0.371429
rmse,last,9,0.001,70,500,1.0,0.0,3,2,5,1,10,551,444,13.0245,42.8271,0.43819,10.3561,40.5473,0.371429
rmse,last,9,0.001,70,500,1.0,0.0,3,2,5,1,10,551,445,13.0283,42.8251,0.438216,10.3729,40.5368,0.371429
rmse,last,9,0.001,70,500,1.0,0.0,3,2,5,1,10,551,446,13.0314,42.8223,0.438216,10.3673,40.526,0.371429
rmse,last,9,0.001,70,500,1.0,0.0,3,2,5,1,10,551,447,13.0338,42.8192,0.438216,10.345,40.5151,0.371429
rmse,last,9,0.001,70,500,1.0,0.0,3,2,5,1,10,551,448,13.036,42.816,0.438216,10.3207,40.5046,0.371429
rmse,last,9,0.001,70,500,1.0,0.0,3,2,5,1,10,551,449,13.0387,42.8131,0.438216,10.3081,40.4943,0.371429
rmse,last,9,0.001,70,500,1.0,0.0,3,2,5,1,10,551,450,13.0419,42.8107,0.438216,10.313,40.4838,0.371429
rmse,last,9,0.001,70,500,1.0,0.0,3,2,5,1,10,551,-1,13.0433,42.7729,0.438164,11.224,41.4888,0.371429
rmse,last,9,0.001,70,500,1.0,0.0,3,2,5,1,10,551,451,13.0456,42.8088,0.438216,10.3316,40.4733,0.371429
rmse,last,9,0.001,70,500,1.0,0.0,3,2,5,1,10,551,452,13.0495,42.8071,0.438216,10.3538,40.4629,0.371429
rmse,last,9,0.001,70,500,1.0,0.0,3,2,5,1,10,551,453,13.0529,42.8051,0.438216,10.3687,40.4527,0.371429
rmse,last,9,0.001,70,500,1.0,0.0,3,2,5,1,10,551,454,13.056,42.8027,0.438216,10.371,40.4424,0.371429
rmse,last,9,0.001,70,500,1.0,0.0,3,2,5,1,10,551,455,13.0585,42.8001,0.438216,10.3633,40.4319,0.371429
rmse,last,9,0.001,70,500,1.0,0.0,3,2,5,1,10,551,456,13.0619,42.7974,0.438216,10.3534,40.4215,0.371429
rmse,last,9,0.001,70,500,1.0,0.0,3,2,5,1,10,551,457,13.0637,42.7948,0.438216,10.3502,40.4111,0.371429
rmse,last,9,0.001,70,500,1.0,0.0,3,2,5,1,10,551,458,13.0668,42.7927,0.438216,10.3591,40.4003,0.371429
rmse,last,9,0.001,70,500,1.0,0.0,3,2,5,1,10,551,459,13.0704,42.7909,0.438216,10.3814,40.389,0.371429
rmse,last,9,0.001,70,500,1.0,0.0,3,2,5,1,10,551,460,13.0743,42.7895,0.438216,10.4151,40.3767,0.371429
rmse,last,9,0.001,70,500,1.0,0.0,3,2,5,1,10,551,461,13.0785,42.7882,0.438216,10.4586,40.3629,0.371429
rmse,last,9,0.001,70,500,1.0,0.0,3,2,5,1,10,551,462,13.083,42.7871,0.438216,10.5157,40.3454,0.371429
rmse,last,9,0.001,70,500,1.0,0.0,3,2,5,1,10,551,463,13.0877,42.7862,0.438216,10.5982,40.3212,0.371429
rmse,last,9,0.001,70,500,1.0,0.0,3,2,5,1,10,551,464,13.0931,42.7856,0.438216,10.7162,40.2887,0.371429
rmse,last,9,0.001,70,500,1.0,0.0,3,2,5,1,10,551,465,13.0979,42.7844,0.438216,10.8289,40.2567,0.371429
rmse,last,9,0.001,70,500,1.0,0.0,3,2,5,1,10,551,466,13.1001,42.7809,0.438216,10.8506,40.2281,0.371429
rmse,last,9,0.001,70,500,1.0,0.0,3,2,5,1,10,551,467,13.0996,42.7752,0.438216,10.7741,40.2015,0.371429
rmse,last,9,0.001,70,500,1.0,0.0,3,2,5,1,10,551,468,13.0988,42.769,0.438216,10.6776,40.1837,0.371429
rmse,last,9,0.001,70,500,1.0,0.0,3,2,5,1,10,551,469,13.1001,42.7644,0.438216,10.6444,40.1687,0.371429
rmse,last,9,0.001,70,500,1.0,0.0,3,2,5,1,10,551,470,13.1043,42.7621,0.438216,10.6965,40.1488,0.371429
rmse,last,9,0.001,70,500,1.0,0.0,3,2,5,1,10,551,471,13.1099,42.761,0.438216,10.7863,40.1289,0.371429
rmse,last,9,0.001,70,500,1.0,0.0,3,2,5,1,10,551,472,13.1144,42.7588,0.438216,10.8353,40.1102,0.371429
rmse,last,9,0.001,70,500,1.0,0.0,3,2,5,1,10,551,473,13.1168,42.7546,0.438216,10.7997,40.0865,0.371429
rmse,last,9,0.001,70,500,1.0,0.0,3,2,5,1,10,551,474,13.1175,42.7488,0.438216,10.7062,40.0616,0.371429
rmse,last,9,0.001,70,500,1.0,0.0,3,2,5,1,10,551,475,13.1185,42.7432,0.438216,10.6243,40.0397,0.371429
rmse,last,9,0.001,70,500,1.0,0.0,3,2,5,1,10,551,476,13.1215,42.7394,0.438216,10.6042,40.0173,0.371429
rmse,last,9,0.001,70,500,1.0,0.0,3,2,5,1,10,551,477,13.1264,42.7371,0.438216,10.6401,39.9949,0.371429
rmse,last,9,0.001,70,500,1.0,0.0,3,2,5,1,10,551,478,13.1314,42.7349,0.438216,10.6806,39.9763,0.371429
rmse,last,9,0.001,70,500,1.0,0.0,3,2,5,1,10,551,479,13.1346,42.7316,0.438216,10.6739,39.9588,0.371429
rmse,last,9,0.001,70,500,1.0,0.0,3,2,5,1,10,551,480,13.1359,42.7266,0.438216,10.615,39.9407,0.371429
rmse,last,9,0.001,70,500,1.0,0.0,3,2,5,1,10,551,481,13.1366,42.7214,0.438216,10.5489,39.9249,0.371429
rmse,last,9,0.001,70,500,1.0,0.0,3,2,5,1,10,551,482,13.1386,42.7174,0.438216,10.5237,39.9094,0.371429
rmse,last,9,0.001,70,500,1.0,0.0,3,2,5,1,10,551,483,13.1423,42.7148,0.438216,10.5482,39.8929,0.371429
rmse,last,9,0.001,70,500,1.0,0.0,3,2,5,1,10,551,484,13.1463,42.7128,0.438216,10.5883,39.8774,0.371429
rmse,last,9,0.001,70,500,1.0,0.0,3,2,5,1,10,551,485,13.1491,42.7098,0.438216,10.5992,39.8624,0.371429
rmse,last,9,0.001,70,500,1.0,0.0,3,2,5,1,10,551,486,13.1502,42.7055,0.438216,10.5683,39.8466,0.371429
rmse,last,9,0.001,70,500,1.0,0.0,3,2,5,1,10,551,487,13.1505,42.7009,0.438216,10.5243,39.8318,0.371429
rmse,last,9,0.001,70,500,1.0,0.0,3,2,5,1,10,551,488,13.1517,42.697,0.438216,10.5051,39.8177,0.371429
rmse,last,9,0.001,70,500,1.0,0.0,3,2,5,1,10,551,489,13.1541,42.6942,0.438216,10.5222,39.8034,0.371429
rmse,last,9,0.001,70,500,1.0,0.0,3,2,5,1,10,551,490,13.157,42.6918,0.438216,10.5535,39.7901,0.371429
rmse,last,9,0.001,70,500,1.0,0.0,3,2,5,1,10,551,491,13.159,42.6888,0.438216,10.5656,39.7774,0.371429
rmse,last,9,0.001,70,500,1.0,0.0,3,2,5,1,10,551,492,13.1597,42.6847,0.438216,10.5457,39.7646,0.371429
rmse,last,9,0.001,70,500,1.0,0.0,3,2,5,1,10,551,493,13.1598,42.6801,0.438216,10.5116,39.7524,0.371429
rmse,last,9,0.001,70,500,1.0,0.0,3,2,5,1,10,551,494,13.1604,42.6761,0.438216,10.4916,39.7406,0.371429
rmse,last,9,0.001,70,500,1.0,0.0,3,2,5,1,10,551,495,13.1621,42.6727,0.438216,10.4969,39.7286,0.371429
rmse,last,9,0.001,70,500,1.0,0.0,3,2,5,1,10,551,496,13.1641,42.6698,0.438216,10.5138,39.7169,0.371429
rmse,last,9,0.001,70,500,1.0,0.0,3,2,5,1,10,551,497,13.1656,42.6664,0.438216,10.5185,39.7054,0.371429
rmse,last,9,0.001,70,500,1.0,0.0,3,2,5,1,10,551,498,13.1663,42.6623,0.438216,10.4997,39.6938,0.371429
rmse,last,9,0.001,70,500,1.0,0.0,3,2,5,1,10,551,499,13.1664,42.6579,0.438216,10.4688,39.6824,0.371429
rmse,last,9,0.001,70,500,1.0,0.0,3,2,5,1,10,551,0,13.2092,42.6685,0.438242,11.013,41.2803,0.371429
rmse,last,9,0.001,70,500,1.0,0.0,3,2,5,1,10,551,1,13.2208,42.6689,0.438242,11.2692,41.217,0.371429
rmse,last,9,0.001,70,500,1.0,0.0,3,2,5,1,10,551,2,13.2574,42.6805,0.438216,11.8007,41.3433,0.371429
rmse,last,9,0.001,70,500,1.0,0.0,3,2,5,1,10,551,3,13.261,42.6786,0.438216,11.8784,41.3373,0.371429
rmse,last,9,0.001,70,500,1.0,0.0,3,2,5,1,10,551,4,13.224,42.6583,0.438216,11.3724,41.1753,0.371429
rmse,last,9,0.001,70,500,1.0,0.0,3,2,5,1,10,551,5,13.2098,42.6469,0.438242,11.0162,41.1696,0.371429
rmse,last,9,0.001,70,500,1.0,0.0,3,2,5,1,10,551,6,13.2031,42.639,0.438242,10.8672,41.146,0.371429
rmse,last,9,0.001,70,500,1.0,0.0,3,2,5,1,10,551,7,13.2118,42.6394,0.438216,11.0592,41.0556,0.371429
rmse,last,9,0.001,70,500,1.0,0.0,3,2,5,1,10,551,8,13.231,42.6452,0.43819,11.4455,40.9769,0.371429
rmse,last,9,0.001,70,500,1.0,0.0,3,2,5,1,10,551,9,13.2433,42.6474,0.438216,11.677,40.9905,0.371429
rmse,last,9,0.001,70,500,1.0,0.0,3,2,5,1,10,551,10,13.2312,42.6366,0.438216,11.4618,40.9067,0.371429
rmse,last,9,0.001,70,500,1.0,0.0,3,2,5,1,10,551,11,13.2082,42.6201,0.438216,10.9979,40.8677,0.371429
rmse,last,9,0.001,70,500,1.0,0.0,3,2,5,1,10,551,12,13.1979,42.6102,0.438216,10.7951,40.8617,0.371429
rmse,last,9,0.001,70,500,1.0,0.0,3,2,5,1,10,551,13,13.2073,42.6106,0.438216,11.0099,40.7828,0.371429
rmse,last,9,0.001,70,500,1.0,0.0,3,2,5,1,10,551,14,13.222,42.6136,0.438216,11.3534,40.7561,0.371429
rmse,last,9,0.001,70,500,1.0,0.0,3,2,5,1,10,551,15,13.2225,42.6091,0.438216,11.3853,40.7286,0.371429
rmse,last,9,0.001,70,500,1.0,0.0,3,2,5,1,10,551,16,13.2081,42.5972,0.438242,11.0475,40.6477,0.371429
rmse,last,9,0.001,70,500,1.0,0.0,3,2,5,1,10,551,17,13.1902,42.5875,0.438216,10.6959,40.5536,0.371429
rmse,last,9,0.001,70,500,1.0,0.0,3,2,5,1,10,551,18,13.1908,42.5885,0.438216,10.5875,40.5811,0.371429
rmse,last,9,0.001,70,500,1.0,0.0,3,2,5,1,10,551,19,13.2032,42.588,0.438242,10.8964,40.466,0.371429
rmse,last,9,0.001,70,500,1.0,0.0,3,2,5,1,10,551,20,13.2146,42.5839,0.438216,11.2979,40.4803,0.371429
rmse,last,9,0.001,70,500,1.0,0.0,3,2,5,1,10,551,21,13.2094,42.5761,0.438242,11.1393,40.4203,0.371429
rmse,last,9,0.001,70,500,1.0,0.0,3,2,5,1,10,551,22,13.1911,42.5639,0.438242,10.6011,40.3453,0.371429
rmse,last,9,0.001,70,500,1.0,0.0,3,2,5,1,10,551,23,13.1792,42.5547,0.438216,10.2368,40.3428,0.371429
rmse,last,9,0.001,70,500,1.0,0.0,3,2,5,1,10,551,24,13.1817,42.5513,0.438216,10.2531,40.2888,0.371429
rmse,last,9,0.001,70,500,1.0,0.0,3,2,5,1,10,551,25,13.1939,42.5511,0.438242,10.6154,40.2091,0.371429
rmse,last,9,0.001,70,500,1.0,0.0,3,2,5,1,10,551,26,13.2032,42.5493,0.438242,11.0095,40.1894,0.371429
rmse,last,9,0.001,70,500,1.0,0.0,3,2,5,1,10,551,27,13.1994,42.5417,0.438242,10.964,40.1293,0.371429
rmse,last,9,0.001,70,500,1.0,0.0,3,2,5,1,10,551,28,13.1851,42.5292,0.438242,10.5196,40.0412,0.371429
rmse,last,9,0.001,70,500,1.0,0.0,3,2,5,1,10,551,29,13.1721,42.5165,0.438216,10.2004,39.9922,0.371429
rmse,last,9,0.001,70,500,1.0,0.0,3,2,5,1,10,551,30,13.1671,42.5062,0.438242,10.2343,39.9088,0.371429
rmse,last,9,0.001,70,500,1.0,0.0,3,2,5,1,10,551,31,13.1664,42.4983,0.438242,10.4509,39.8447,0.371429
rmse,last,9,0.001,70,500,1.0,0.0,3,2,5,1,10,551,32,13.161,42.4891,0.438242,10.508,39.8078,0.371429
rmse,last,9,0.001,70,500,1.0,0.0,3,2,5,1,10,551,33,13.1475,42.4759,0.438242,10.2702,39.7599,0.371429
rmse,last,9,0.001,70,500,1.0,0.0,3,2,5,1,10,551,34,13.1335,42.463,0.438216,10.0418,39.7425,0.371429
rmse,last,9,0.001,70,500,1.0,0.0,3,2,5,1,10,551,35,13.1268,42.455,0.438216,10.0191,39.722,0.371429
rmse,last,9,0.001,70,500,1.0,0.0,3,2,5,1,10,551,36,13.1272,42.4524,0.438216,10.171,39.6915,0.371429
rmse,last,9,0.001,70,500,1.0,0.0,3,2,5,1,10,551,37,13.1281,42.4511,0.438242,10.2898,39.6636,0.371429
rmse,last,9,0.001,70,500,1.0,0.0,3,2,5,1,10,551,38,13.1242,42.4476,0.438242,10.1563,39.6105,0.371429
rmse,last,9,0.001,70,500,1.0,0.0,3,2,5,1,10,551,39,13.1202,42.4448,0.438216,9.97923,39.5578,0.371429
rmse,last,9,0.001,70,500,1.0,0.0,3,2,5,1,10,551,40,13.1238,42.4472,0.438242,10.016,39.4901,0.371429
rmse,last,9,0.001,70,500,1.0,0.0,3,2,5,1,10,551,41,13.1328,42.4549,0.438242,10.2134,39.4055,0.371429
rmse,last,9,0.001,70,500,1.0,0.0,3,2,5,1,10,551,42,13.1355,42.4599,0.438242,10.3642,39.3413,0.371429
rmse,last,9,0.001,70,500,1.0,0.0,3,2,5,1,10,551,43,13.1289,42.4562,0.438216,10.2098,39.3092,0.371429
rmse,last,9,0.001,70,500,1.0,0.0,3,2,5,1,10,551,44,13.1266,42.4552,0.438216,10.1904,39.3057,0.371429
rmse,last,9,0.001,70,500,1.0,0.0,3,2,5,1,10,551,45,13.1317,42.4605,0.438216,10.4092,39.2874,0.371429
rmse,last,9,0.001,70,500,1.0,0.0,3,2,5,1,10,551,46,13.1351,42.4639,0.438216,10.5432,39.2898,0.371429
rmse,last,9,0.001,70,500,1.0,0.0,3,2,5,1,10,551,47,13.1279,42.4583,0.438216,10.3261,39.2674,0.371429
rmse,last,9,0.001,70,500,1.0,0.0,3,2,5,1,10,551,48,13.1251,42.4567,0.438216,10.2479,39.259,0.371429
rmse,last,9,0.001,70,500,1.0,0.0,3,2,5,1,10,551,49,13.1313,42.4621,0.438216,10.442,39.2421,0.371429
rmse,last,9,0.001,70,500,1.0,0.0,3,2,5,1,10,551,50,13.1242,42.4574,0.438216,10.1627,39.226,0.371429
rmse,last,9,0.001,70,500,1.0,0.0,3,2,5,1,10,551,-1,12.9572,42.3782,0.43819,12.149,40.9509,0.371429
rmse,last,9,0.001,70,500,1.0,0.0,3,2,5,1,10,551,51,13.1265,42.4605,0.438216,10.2028,39.1971,0.371429
rmse,last,9,0.001,70,500,1.0,0.0,3,2,5,1,10,551,52,13.1334,42.4677,0.438216,10.4215,39.175,0.371429
rmse,last,9,0.001,70,500,1.0,0.0,3,2,5,1,10,551,53,13.1328,42.4685,0.438216,10.3661,39.1461,0.371429
rmse,last,9,0.001,70,500,1.0,0.0,3,2,5,1,10,551,54,13.127,42.4642,0.438216,10.1119,39.1211,0.371429
rmse,last,9,0.001,70,500,1.0,0.0,3,2,5,1,10,551,55,13.1271,42.4653,0.438216,10.0775,39.0968,0.371429
rmse,last,9,0.001,70,500,1.0,0.0,3,2,5,1,10,551,56,13.1341,42.4723,0.438216,10.2509,39.0798,0.371429
rmse,last,9,0.001,70,500,1.0,0.0,3,2,5,1,10,551,57,13.1311,42.471,0.438216,10.0705,39.0517,0.371429
rmse,last,9,0.001,70,500,1.0,0.0,3,2,5,1,10,551,58,13.1328,42.4735,0.438216,10.0198,39.0354,0.371429
rmse,last,9,0.001,70,500,1.0,0.0,3,2,5,1,10,551,59,13.1392,42.4805,0.438216,10.1142,39.016,0.371429
rmse,last,9,0.001,70,500,1.0,0.0,3,2,5,1,10,551,60,13.1435,42.4852,0.438216,10.1188,39.0025,0.371429
rmse,last,9,0.001,70,500,1.0,0.0,3,2,5,1,10,551,61,13.143,42.4848,0.438216,9.95622,38.9884,0.371429
rmse,last,9,0.001,70,500,1.0,0.0,3,2,5,1,10,551,62,13.1451,42.4871,0.438216,9.88626,38.9844,0.371429
rmse,last,9,0.001,70,500,1.0,0.0,3,2,5,1,10,551,63,13.1531,42.4948,0.438216,10.0035,38.9661,0.371429
rmse,last,9,0.001,70,500,1.0,0.0,3,2,5,1,10,551,64,13.1575,42.4996,0.438216,10.0256,38.9461,0.371429
rmse,last,9,0.001,70,500,1.0,0.0,3,2,5,1,10,551,65,13.1567,42.4996,0.438216,9.89441,38.9277,0.371429
rmse,last,9,0.001,70,500,1.0,0.0,3,2,5,1,10,551,66,13.1613,42.5044,0.438216,9.92264,38.9113,0.371429
rmse,last,9,0.001,70,500,1.0,0.0,3,2,5,1,10,551,67,13.1695,42.5126,0.438216,10.0632,38.897,0.371429
rmse,last,9,0.001,70,500,1.0,0.0,3,2,5,1,10,551,68,13.1733,42.5164,0.438216,10.0608,38.8822,0.371429
rmse,last,9,0.001,70,500,1.0,0.0,3,2,5,1,10,551,69,13.1742,42.5172,0.438216,9.9579,38.8682,0.371429
rmse,last,9,0.001,70,500,1.0,0.0,3,2,5,1,10,551,70,13.1784,42.521,0.438216,9.96001,38.8538,0.371429
rmse,last,9,0.001,70,500,1.0,0.0,3,2,5,1,10,551,71,13.1851,42.5274,0.438216,10.0552,38.8385,0.371429
rmse,last,9,0.001,70,500,1.0,0.0,3,2,5,1,10,551,72,13.1893,42.5311,0.438216,10.0599,38.8241,0.371429
rmse,last,9,0.001,70,500,1.0,0.0,3,2,5,1,10,551,73,13.1902,42.5315,0.438216,9.96101,38.8084,0.371429
rmse,last,9,0.001,70,500,1.0,0.0,3,2,5,1,10,551,74,13.1935,42.5342,0.438216,9.94374,38.7935,0.371429
rmse,last,9,0.001,70,500,1.0,0.0,3,2,5,1,10,551,75,13.1994,42.5393,0.438216,10.0172,38.7779,0.371429
rmse,last,9,0.001,70,500,1.0,0.0,3,2,5,1,10,551,76,13.2023,42.5416,0.438216,9.99618,38.7617,0.371429
rmse,last,9,0.001,70,500,1.0,0.0,3,2,5,1,10,551,77,13.2034,42.542,0.438216,9.91801,38.7466,0.371429
rmse,last,9,0.001,70,500,1.0,0.0,3,2,5,1,10,551,78,13.2072,42.545,0.438216,9.93561,38.7301,0.371429
rmse,last,9,0.001,70,500,1.0,0.0,3,2,5,1,10,551,79,13.2119,42.5489,0.438216,9.98274,38.7155,0.371429
rmse,last,9,0.001,70,500,1.0,0.0,3,2,5,1,10,551,80,13.2132,42.5492,0.438216,9.9263,38.699,0.371429
rmse,last,9,0.001,70,500,1.0,0.0,3,2,5,1,10,551,81,13.2144,42.5494,0.438216,9.87197,38.6845,0.371429
rmse,last,9,0.001,70,500,1.0,0.0,3,2,5,1,10,551,82,13.2187,42.5523,0.438216,9.91127,38.6685,0.371429
rmse,last,9,0.001,70,500,1.0,0.0,3,2,5,1,10,551,83,13.2213,42.5538,0.438216,9.90476,38.6538,0.371429
rmse,last,9,0.001,70,500,1.0,0.0,3,2,5,1,10,551,84,13.2213,42.5529,0.438242,9.82748,38.6399,0.371429
rmse,last,9,0.001,70,500,1.0,0.0,3,2,5,1,10,551,85,13.2262,42.5562,0.438242,9.889,38.6242,0.371429
rmse,last,9,0.001,70,500,1.0,0.0,3,2,5,1,10,551,86,13.2271,42.5561,0.438242,9.84355,38.6088,0.371429
rmse,last,9,0.001,70,500,1.0,0.0,3,2,5,1,10,551,87,13.2301,42.5578,0.438268,9.85669,38.5937,0.371429
rmse,last,9,0.001,70,500,1.0,0.0,3,2,5,1,10,551,88,13.2328,42.5593,0.438268,9.86643,38.5787,0.371429
rmse,last,9,0.001,70,500,1.0,0.0,3,2,5,1,10,551,89,13.2336,42.559,0.438268,9.82162,38.5644,0.371429
rmse,last,9,0.001,70,500,1.0,0.0,3,2,5,1,10,551,90,13.2396,42.5628,0.438294,9.91122,38.5531,0.371429
rmse,last,9,0.001,70,500,1.0,0.0,3,2,5,1,10,551,91,13.2331,42.5555,0.438268,9.62976,38.5717,0.371429
rmse,last,9,0.001,70,500,1.0,0.0,3,2,5,1,10,551,92,13.2427,42.5651,0.438294,9.86238,38.5247,0.371429
rmse,last,9,0.001,70,500,1.0,0.0,3,2,5,1,10,551,93,13.253,42.5747,0.438294,10.1203,38.5421,0.371429
rmse,last,9,0.001,70,500,1.0,0.0,3,2,5,1,10,551,94,13.2462,42.5666,0.438294,9.80481,38.4985,0.371429
rmse,last,9,0.001,70,500,1.0,0.0,3,2,5,1,10,551,95,13.245,42.5635,0.438268,9.66728,38.5005,0.371429
rmse,last,9,0.001,70,500,1.0,0.0,3,2,5,1,10,551,96,13.2551,42.5732,0.438268,9.92246,38.4621,0.371429
rmse,last,9,0.001,70,500,1.0,0.0,3,2,5,1,10,551,97,13.2619,42.5778,0.438268,10.0383,38.4763,0.371429
rmse,last,9,0.001,70,500,1.0,0.0,3,2,5,1,10,551,98,13.2461,42.5595,0.438216,9.37393,38.5659,0.371429
rmse,last,9,0.001,70,500,1.0,0.0,3,2,5,1,10,551,99,13.2535,42.5673,0.438268,9.50048,38.5088,0.371429
rmse,last,9,0.001,70,500,1.0,0.0,3,2,5,1,10,551,100,13.2729,42.5909,0.438294,10.2263,38.5106,0.371429
rmse,last,9,0.001,70,500,1.0,0.0,3,2,5,1,10,551,-1,13.0752,42.5017,0.438164,12.8025,40.9499,0.371429
rmse,last,9,0.001,70,500,1.0,0.0,3,2,5,1,10,551,101,13.2752,42.5927,0.438268,10.1951,38.4878,0.371429
rmse,last,9,0.001,70,500,1.0,0.0,3,2,5,1,10,551,102,13.263,42.5756,0.438242,9.50922,38.4489,0.371429
rmse,last,9,0.001,70,500,1.0,0.0,3,2,5,1,10,551,103,13.2631,42.5748,0.438242,9.41962,38.4506,0.371429
rmse,last,9,0.001,70,500,1.0,0.0,3,2,5,1,10,551,104,13.2775,42.5927,0.438294,9.91711,38.3713,0.371429
rmse,last,9,0.001,70,500,1.0,0.0,3,2,5,1,10,551,105,13.2863,42.6025,0.438268,10.1938,38.4104,0.371429
rmse,last,9,0.001,70,500,1.0,0.0,3,2,5,1,10,551,106,13.2758,42.5888,0.438294,9.66976,38.3409,0.371429
rmse,last,9,0.001,70,500,1.0,0.0,3,2,5,1,10,551,107,13.2726,42.584,0.438242,9.50142,38.3717,0.371429
rmse,last,9,0.001,70,500,1.0,0.0,3,2,5,1,10,551,108,13.2842,42.5975,0.438294,9.90689,38.3063,0.371429
rmse,last,9,0.001,70,500,1.0,0.0,3,2,5,1,10,551,109,13.2905,42.6039,0.438294,10.1301,38.3325,0.371429
rmse,last,9,0.001,70,500,1.0,0.0,3,2,5,1,10,551,110,13.2747,42.5855,0.438242,9.56479,38.2946,0.371429
rmse,last,9,0.001,70,500,1.0,0.0,3,2,5,1,10,551,111,13.2741,42.5841,0.438242,9.5379,38.2799,0.371429
rmse,last,9,0.001,70,500,1.0,0.0,3,2,5,1,10,551,112,13.2832,42.5968,0.438268,9.96849,38.2514,0.371429
rmse,last,9,0.001,70,500,1.0,0.0,3,2,5,1,10,551,113,13.2846,42.5984,0.438268,10.0329,38.2487,0.371429
rmse,last,9,0.001,70,500,1.0,0.0,3,2,5,1,10,551,114,13.2765,42.5858,0.438242,9.59748,38.2187,0.371429
rmse,last,9,0.001,70,500,1.0,0.0,3,2,5,1,10,551,115,13.2761,42.5843,0.438216,9.52593,38.211,0.371429
rmse,last,9,0.001,70,500,1.0,0.0,3,2,5,1,10,551,116,13.2852,42.5962,0.438268,9.88489,38.1702,0.371429
rmse,last,9,0.001,70,500,1.0,0.0,3,2,5,1,10,551,117,13.2895,42.6006,0.438268,9.99595,38.1633,0.371429
rmse,last,9,0.001,70,500,1.0,0.0,3,2,5,1,10,551,118,13.282,42.59,0.438268,9.60718,38.1291,0.371429
rmse,last,9,0.001,70,500,1.0,0.0,3,2,5,1,10,551,119,13.2824,42.5895,0.438268,9.56856,38.1132,0.371429
rmse,last,9,0.001,70,500,1.0,0.0,3,2,5,1,10,551,120,13.2945,42.6017,0.438268,9.9543,38.0934,0.371429
rmse,last,9,0.001,70,500,1.0,0.0,3,2,5,1,10,551,121,13.2899,42.5959,0.438268,9.76052,38.056,0.371429
rmse,last,9,0.001,70,500,1.0,0.0,3,2,5,1,10,551,122,13.2831,42.5884,0.438268,9.53099,38.0598,0.371429
rmse,last,9,0.001,70,500,1.0,0.0,3,2,5,1,10,551,123,13.295,42.5998,0.438268,9.91736,38.0465,0.371429
rmse,last,9,0.001,70,500,1.0,0.0,3,2,5,1,10,551,124,13.2817,42.5854,0.438242,9.43548,38.0598,0.371429
rmse,last,9,0.001,70,500,1.0,0.0,3,2,5,1,10,551,125,13.2879,42.5922,0.438294,9.62201,38.0419,0.371429
rmse,last,9,0.001,70,500,1.0,0.0,3,2,5,1,10,551,126,13.2977,42.605,0.438346,10.054,38.0852,0.371429
rmse,last,9,0.001,70,500,1.0,0.0,3,2,5,1,10,551,127,13.2937,42.5984,0.438294,9.73597,38.0308,0.371429
rmse,last,9,0.001,70,500,1.0,0.0,3,2,5,1,10,551,128,13.289,42.5918,0.438242,9.44176,38.0146,0.371429
rmse,last,9,0.001,70,500,1.0,0.0,3,2,5,1,10,551,129,13.2952,42.601,0.438294,9.67313,37.9465,0.371429
rmse,last,9,0.001,70,500,1.0,0.0,3,2,5,1,10,551,130,13.3013,42.609,0.43832,9.87065,37.9377,0.371429
rmse,last,9,0.001,70,500,1.0,0.0,3,2,5,1,10,551,131,13.2963,42.601,0.438294,9.52903,37.9053,0.371429
rmse,last,9,0.001,70,500,1.0,0.0,3,2,5,1,10,551,132,13.2991,42.6031,0.438294,9.55765,37.8936,0.371429
rmse,last,9,0.001,70,500,1.0,0.0,3,2,5,1,10,551,133,13.3053,42.6128,0.438294,9.93617,38.0732,0.371429
rmse,last,9,0.001,70,500,1.0,0.0,3,2,5,1,10,551,134,13.2949,42.5985,0.438216,9.38409,37.8994,0.371429
rmse,last,9,0.001,70,500,1.0,0.0,3,2,5,1,10,551,135,13.3017,42.6057,0.438242,9.51129,38.0031,0.371429
rmse,last,9,0.001,70,500,1.0,0.0,3,2,5,1,10,551,136,13.3144,42.6247,0.438294,10.2575,38.1808,0.371429
rmse,last,9,0.001,70,500,1.0,0.0,3,2,5,1,10,551,137,13.3149,42.6252,0.438346,10.0832,38.1353,0.371429
rmse,last,9,0.001,70,500,1.0,0.0,3,2,5,1,10,551,138,13.3102,42.6185,0.438242,9.55293,38.0163,0.371429
rmse,last,9,0.001,70,500,1.0,0.0,3,2,5,1,10,551,139,13.3175,42.627,0.438242,9.64374,37.9052,0.371429
rmse,last,9,0.001,70,500,1.0,0.0,3,2,5,1,10,551,140,13.3292,42.6396,0.438294,9.93432,37.8948,0.371429
rmse,last,9,0.001,70,500,1.0,0.0,3,2,5,1,10,551,141,13.3289,42.6345,0.438242,9.55451,37.8649,0.371429
rmse,last,9,0.001,70,500,1.0,0.0,3,2,5,1,10,551,142,13.3302,42.6345,0.438242,9.45333,37.8941,0.371429
rmse,last,9,0.001,70,500,1.0,0.0,3,2,5,1,10,551,143,13.3354,42.6431,0.438268,9.80164,37.8988,0.371429
rmse,last,9,0.001,70,500,1.0,0.0,3,2,5,1,10,551,144,13.3331,42.6413,0.438268,9.77136,37.888,0.371429
rmse,last,9,0.001,70,500,1.0,0.0,3,2,5,1,10,551,145,13.3258,42.6314,0.438216,9.46916,37.8653,0.371429
rmse,last,9,0.001,70,500,1.0,0.0,3,2,5,1,10,551,146,13.3222,42.6292,0.438242,9.58008,37.8165,0.371429
rmse,last,9,0.001,70,500,1.0,0.0,3,2,5,1,10,551,147,13.3188,42.6294,0.438294,9.87306,37.7832,0.371429
rmse,last,9,0.001,70,500,1.0,0.0,3,2,5,1,10,551,148,13.3112,42.6188,0.438268,9.70236,37.7382,0.371429
rmse,last,9,0.001,70,500,1.0,0.0,3,2,5,1,10,551,149,13.3048,42.6087,0.438242,9.48562,37.735,0.371429
rmse,last,9,0.001,70,500,1.0,0.0,3,2,5,1,10,551,150,13.3032,42.6088,0.438242,9.63082,37.7253,0.371429
rmse,last,9,0.001,70,500,1.0,0.0,3,2,5,1,10,551,-1,13.132,42.5391,0.438087,12.3834,40.5579,0.371429
rmse,last,9,0.001,70,500,1.0,0.0,3,2,5,1,10,551,151,13.303,42.6085,0.438242,9.65124,37.7119,0.371429
rmse,last,9,0.001,70,500,1.0,0.0,3,2,5,1,10,551,152,13.3022,42.6053,0.438268,9.46129,37.677,0.371429
rmse,last,9,0.001,70,500,1.0,0.0,3,2,5,1,10,551,153,13.3055,42.6094,0.438242,9.49932,37.6345,0.371429
rmse,last,9,0.001,70,500,1.0,0.0,3,2,5,1,10,551,154,13.3107,42.6165,0.438268,9.61605,37.6098,0.371429
rmse,last,9,0.001,70,500,1.0,0.0,3,2,5,1,10,551,155,13.3121,42.6161,0.438268,9.46688,37.5863,0.371429
rmse,last,9,0.001,70,500,1.0,0.0,3,2,5,1,10,551,156,13.3138,42.6169,0.438242,9.38835,37.5762,0.371429
rmse,last,9,0.001,70,500,1.0,0.0,3,2,5,1,10,551,157,13.3177,42.6233,0.438242,9.54423,37.5604,0.371429
rmse,last,9,0.001,70,500,1.0,0.0,3,2,5,1,10,551,158,13.3187,42.6249,0.438242,9.52899,37.542,0.371429
rmse,last,9,0.001,70,500,1.0,0.0,3,2,5,1,10,551,159,13.3172,42.6228,0.438216,9.40167,37.5158,0.371429
rmse,last,9,0.001,70,500,1.0,0.0,3,2,5,1,10,551,160,13.3175,42.625,0.438242,9.49154,37.4802,0.371429
rmse,last,9,0.001,70,500,1.0,0.0,3,2,5,1,10,551,161,13.3178,42.6262,0.438242,9.55892,37.4548,0.371429
rmse,last,9,0.001,70,500,1.0,0.0,3,2,5,1,10,551,162,13.3127,42.6197,0.438268,9.33509,37.4317,0.371429
rmse,last,9,0.001,70,500,1.0,0.0,3,2,5,1,10,551,163,13.3124,42.6204,0.438268,9.37689,37.419,0.371429
rmse,last,9,0.001,70,500,1.0,0.0,3,2,5,1,10,551,164,13.3078,42.6167,0.438294,9.17999,37.4372,0.371429
rmse,last,9,0.001,70,500,1.0,0.0,3,2,5,1,10,551,165,13.3144,42.6284,0.43832,9.48577,37.4236,0.371429
rmse,last,9,0.001,70,500,1.0,0.0,3,2,5,1,10,551,166,13.3198,42.6346,0.43832,9.48845,37.395,0.371429
rmse,last,9,0.001,70,500,1.0,0.0,3,2,5,1,10,551,167,13.3238,42.6359,0.438294,9.22356,37.3635,0.371429
rmse,last,9,0.001,70,500,1.0,0.0,3,2,5,1,10,551,168,13.3329,42.6471,0.438294,9.33875,37.3248,0.371429
rmse,last,9,0.001,70,500,1.0,0.0,3,2,5,1,10,551,169,13.3446,42.6607,0.438294,9.61827,37.3704,0.371429
rmse,last,9,0.001,70,500,1.0,0.0,3,2,5,1,10,551,170,13.3433,42.6565,0.438268,9.00053,37.4016,0.371429
rmse,last,9,0.001,70,500,1.0,0.0,3,2,5,1,10,551,171,13.3536,42.6708,0.438294,9.24835,37.3489,0.371429
rmse,last,9,0.001,70,500,1.0,0.0,3,2,5,1,10,551,172,13.3631,42.6881,0.438294,9.73537,37.4326,0.371429
rmse,last,9,0.001,70,500,1.0,0.0,3,2,5,1,10,551,173,13.3639,42.6866,0.438294,9.28853,37.3988,0.371429
rmse,last,9,0.001,70,500,1.0,0.0,3,2,5,1,10,551,174,13.365,42.689,0.43832,9.09636,37.4395,0.371429
rmse,last,9,0.001,70,500,1.0,0.0,3,2,5,1,10,551,175,13.3694,42.7007,0.438268,9.44455,37.3862,0.371429
rmse,last,9,0.001,70,500,1.0,0.0,3,2,5,1,10,551,176,13.3717,42.7058,0.438294,9.42297,37.3452,0.371429
rmse,last,9,0.001,70,500,1.0,0.0,3,2,5,1,10,551,177,13.3708,42.7034,0.43832,8.97702,37.2922,0.371429
rmse,last,9,0.001,70,500,1.0,0.0,3,2,5,1,10,551,178,13.374,42.7099,0.438294,9.04059,37.2218,0.371429
rmse,last,9,0.001,70,500,1.0,0.0,3,2,5,1,10,551,179,13.3742,42.7169,0.438268,9.33724,37.272,0.371429
rmse,last,9,0.001,70,500,1.0,0.0,3,2,5,1,10,551,180,13.3757,42.7184,0.438242,9.12497,37.1912,0.371429
rmse,last,9,0.001,70,500,1.0,0.0,3,2,5,1,10,551,181,13.3742,42.718,0.438216,9.02982,37.1998,0.371429
rmse,last,9,0.001,70,500,1.0,0.0,3,2,5,1,10,551,182,13.3716,42.7205,0.438216,9.24513,37.1861,0.371429
rmse,last,9,0.001,70,500,1.0,0.0,3,2,5,1,10,551,183,13.3701,42.7221,0.438242,9.40954,37.1856,0.371429
rmse,last,9,0.001,70,500,1.0,0.0,3,2,5,1,10,551,184,13.3701,42.719,0.438216,9.23939,37.1535,0.371429
rmse,last,9,0.001,70,500,1.0,0.0,3,2,5,1,10,551,185,13.3708,42.7184,0.438216,9.19808,37.1242,0.371429
rmse,last,9,0.001,70,500,1.0,0.0,3,2,5,1,10,551,186,13.3712,42.7219,0.438216,9.43734,37.0773,0.371429
rmse,last,9,0.001,70,500,1.0,0.0,3,2,5,1,10,551,187,13.372,42.7213,0.438216,9.40942,37.0267,0.371429
rmse,last,9,0.001,70,500,1.0,0.0,3,2,5,1,10,551,188,13.3728,42.7177,0.438216,9.19398,36.9886,0.371429
rmse,last,9,0.001,70,500,1.0,0.0,3,2,5,1,10,551,189,13.3747,42.7209,0.438242,9.35836,36.9513,0.371429
rmse,last,9,0.001,70,500,1.0,0.0,3,2,5,1,10,551,190,13.3765,42.7197,0.438242,9.24074,36.9298,0.371429
rmse,last,9,0.001,70,500,1.0,0.0,3,2,5,1,10,551,191,13.3759,42.7181,0.438242,9.03244,36.9176,0.371429
rmse,last,9,0.001,70,500,1.0,0.0,3,2,5,1,10,551,192,13.379,42.7271,0.438242,9.35611,36.8899,0.371429
rmse,last,9,0.001,70,500,1.0,0.0,3,2,5,1,10,551,193,13.3806,42.7267,0.438242,9.11288,36.8396,0.371429
rmse,last,9,0.001,70,500,1.0,0.0,3,2,5,1,10,551,194,13.3841,42.7293,0.438242,8.98152,36.808,0.371429
rmse,last,9,0.001,70,500,1.0,0.0,3,2,5,1,10,551,195,13.3891,42.739,0.438242,9.23143,36.82,0.371429
rmse,last,9,0.001,70,500,1.0,0.0,3,2,5,1,10,551,196,13.3948,42.7428,0.438242,8.7922,36.8887,0.371429
rmse,last,9,0.001,70,500,1.0,0.0,3,2,5,1,10,551,197,13.4004,42.7602,0.438268,9.23569,36.8969,0.371429
rmse,last,9,0.001,70,500,1.0,0.0,3,2,5,1,10,551,198,13.4115,42.77,0.438242,8.98777,36.8043,0.371429
rmse,last,9,0.001,70,500,1.0,0.0,3,2,5,1,10,551,199,13.4188,42.7788,0.438242,8.82071,36.7301,0.371429
rmse,last,9,0.001,70,500,1.0,0.0,3,2,5,1,10,551,200,13.4233,42.7896,0.438268,9.01633,36.6939,0.371429
rmse,last,9,0.001,70,500,1.0,0.0,3,2,5,1,10,551,-1,13.2362,42.7229,0.438087,12.1962,40.6786,0.371429
rmse,last,9,0.001,70,500,1.0,0.0,3,2,5,1,10,551,201,13.4245,42.7915,0.438268,8.76815,36.6451,0.371429
rmse,last,9,0.001,70,500,1.0,0.0,3,2,5,1,10,551,202,13.4235,42.7939,0.438268,8.71005,36.5958,0.371429
rmse,last,9,0.001,70,500,1.0,0.0,3,2,5,1,10,551,203,13.4206,42.7971,0.438268,8.80517,36.5574,0.371429
rmse,last,9,0.001,70,500,1.0,0.0,3,2,5,1,10,551,204,13.4214,42.7968,0.438242,8.54604,36.5289,0.371429
rmse,last,9,0.001,70,500,1.0,0.0,3,2,5,1,10,551,205,13.4218,42.8015,0.438268,8.64878,36.4938,0.371429
rmse,last,9,0.001,70,500,1.0,0.0,3,2,5,1,10,551,206,13.4274,42.8063,0.438268,8.65453,36.447,0.371429
rmse,last,9,0.001,70,500,1.0,0.0,3,2,5,1,10,551,207,13.4359,42.8108,0.438268,8.58586,36.4326,0.371429
rmse,last,9,0.001,70,500,1.0,0.0,3,2,5,1,10,551,208,13.438,42.8145,0.438268,8.57863,36.3772,0.371429
rmse,last,9,0.001,70,500,1.0,0.0,3,2,5,1,10,551,209,13.4369,42.8171,0.438268,8.66771,36.3403,0.371429
rmse,last,9,0.001,70,500,1.0,0.0,3,2,5,1,10,551,210,13.4397,42.8166,0.438268,8.40289,36.3113,0.371429
rmse,last,9,0.001,70,500,1.0,0.0,3,2,5,1,10,551,211,13.4391,42.8185,0.438268,8.47587,36.2858,0.371429
rmse,last,9,0.001,70,500,1.0,0.0,3,2,5,1,10,551,212,13.4412,42.82,0.438268,8.42317,36.2642,0.371429
rmse,last,9,0.001,70,500,1.0,0.0,3,2,5,1,10,551,213,13.4449,42.822,0.438294,8.3333,36.2404,0.371429
rmse,last,9,0.001,70,500,1.0,0.0,3,2,5,1,10,551,214,13.446,42.8261,0.438294,8.45947,36.2125,0.371429
rmse,last,9,0.001,70,500,1.0,0.0,3,2,5,1,10,551,215,13.4498,42.8284,0.438294,8.32409,36.1797,0.371429
rmse,last,9,0.001,70,500,1.0,0.0,3,2,5,1,10,551,216,13.4522,42.8325,0.438294,8.35784,36.1521,0.371429
rmse,last,9,0.001,70,500,1.0,0.0,3,2,5,1,10,551,217,13.4548,42.8373,0.438294,8.39904,36.1405,0.371429
rmse,last,9,0.001,70,500,1.0,0.0,3,2,5,1,10,551,218,13.4559,42.8384,0.438268,8.24594,36.1236,0.371429
rmse,last,9,0.001,70,500,1.0,0.0,3,2,5,1,10,551,219,13.4507,42.8506,0.438294,8.67253,36.2165,0.371429
rmse,last,9,0.001,70,500,1.0,0.0,3,2,5,1,10,551,220,13.4559,42.841,0.438242,8.07977,36.1723,0.371429
rmse,last,9,0.001,70,500,1.0,0.0,3,2,5,1,10,551,221,13.4533,42.8488,0.43832,8.28066,36.064,0.371429
rmse,last,9,0.001,70,500,1.0,0.0,3,2,5,1,10,551,222,13.4547,42.8665,0.438294,8.61341,36.1438,0.371429
rmse,last,9,0.001,70,500,1.0,0.0,3,2,5,1,10,551,223,13.4571,42.8543,0.438242,8.12935,36.0787,0.371429
rmse,last,9,0.001,70,500,1.0,0.0,3,2,5,1,10,551,224,13.4577,42.8624,0.438294,8.26535,36.0023,0.371429
rmse,last,9,0.001,70,500,1.0,0.0,3,2,5,1,10,551,225,13.4634,42.8641,0.438268,9.27052,36.1899,0.371429
rmse,last,9,0.001,70,500,1.0,0.0,3,2,5,1,10,551,226,13.4501,42.8729,0.438216,9.60995,38.6484,0.371429
rmse,last,9,0.001,70,500,1.0,0.0,3,2,5,1,10,551,227,13.4583,42.8843,0.438242,9.59882,38.5844,0.371429
rmse,last,9,0.001,70,500,1.0,0.0,3,2,5,1,10,551,228,13.4825,42.9285,0.438268,8.78165,36.1938,0.371429
rmse,last,9,0.001,70,500,1.0,0.0,3,2,5,1,10,551,229,13.5026,42.9897,0.43832,11.8915,38.8488,0.371429
rmse,last,9,0.001,70,500,1.0,0.0,3,2,5,1,10,551,230,13.5044,42.9385,0.438216,8.10067,37.3581,0.371429
rmse,last,9,0.001,70,500,1.0,0.0,3,2,5,1,10,551,231,13.5039,42.9453,0.438164,9.53225,38.4845,0.371429
rmse,last,9,0.001,70,500,1.0,0.0,3,2,5,1,10,551,232,13.5228,42.9735,0.43819,8.07859,37.2125,0.371429
rmse,last,9,0.001,70,500,1.0,0.0,3,2,5,1,10,551,233,13.5195,43.0336,0.43832,9.64501,37.1044,0.371429
rmse,last,9,0.001,70,500,1.0,0.0,3,2,5,1,10,551,234,13.5272,43.0454,0.438346,9.38329,36.9054,0.371429
rmse,last,9,0.001,70,500,1.0,0.0,3,2,5,1,10,551,235,13.5461,43.0338,0.43819,7.94486,37.0648,0.371429
rmse,last,9,0.001,70,500,1.0,0.0,3,2,5,1,10,551,236,13.5634,43.0489,0.438216,8.37255,37.5212,0.371429
rmse,last,9,0.001,70,500,1.0,0.0,3,2,5,1,10,551,237,13.5712,43.073,0.438164,7.81261,36.8528,0.371429
rmse,last,9,0.001,70,500,1.0,0.0,3,2,5,1,10,551,238,13.5796,43.1196,0.438294,9.07274,36.6204,0.371429
rmse,last,9,0.001,70,500,1.0,0.0,3,2,5,1,10,551,239,13.5954,43.1384,0.438242,9.02629,36.5506,0.371429
rmse,last,9,0.001,70,500,1.0,0.0,3,2,5,1,10,551,240,13.6107,43.129,0.438164,7.6905,36.5603,0.371429
rmse,last,9,0.001,70,500,1.0,0.0,3,2,5,1,10,551,241,13.6174,43.1414,0.43819,7.70346,36.7387,0.371429
rmse,last,9,0.001,70,500,1.0,0.0,3,2,5,1,10,551,242,13.6217,43.1622,0.43819,8.12395,36.0098,0.371429
rmse,last,9,0.001,70,500,1.0,0.0,3,2,5,1,10,551,243,13.6319,43.1938,0.438268,9.42966,36.8159,0.371429
rmse,last,9,0.001,70,500,1.0,0.0,3,2,5,1,10,551,244,13.6318,43.1738,0.438216,7.7003,36.0803,0.371429
rmse,last,9,0.001,70,500,1.0,0.0,3,2,5,1,10,551,245,13.6353,43.1775,0.438242,7.64302,36.4323,0.371429
rmse,last,9,0.001,70,500,1.0,0.0,3,2,5,1,10,551,246,13.6326,43.1872,0.438216,7.89513,36.0001,0.371429
rmse,last,9,0.001,70,500,1.0,0.0,3,2,5,1,10,551,247,13.6518,43.2238,0.438294,8.93411,36.5105,0.371429
rmse,last,9,0.001,70,500,1.0,0.0,3,2,5,1,10,551,248,13.6586,43.2171,0.43819,8.02701,36.1392,0.371429
rmse,last,9,0.001,70,500,1.0,0.0,3,2,5,1,10,551,249,13.6626,43.2242,0.438216,7.98924,36.6267,0.371429
rmse,last,9,0.001,70,500,1.0,0.0,3,2,5,1,10,551,250,13.6665,43.2364,0.43819,8.09458,36.3632,0.371429
rmse,last,9,0.001,70,500,1.0,0.0,3,2,5,1,10,551,-1,13.4762,43.1666,0.438009,13.5463,42.2863,0.371429
rmse,last,9,0.001,70,500,1.0,0.0,3,2,5,1,10,551,251,13.6658,43.2564,0.438294,8.75162,36.4231,0.371429
rmse,last,9,0.001,70,500,1.0,0.0,3,2,5,1,10,551,252,13.6667,43.257,0.438294,8.3983,36.1654,0.371429
rmse,last,9,0.001,70,500,1.0,0.0,3,2,5,1,10,551,253,13.6689,43.2574,0.438216,7.59177,36.0338,0.371429
rmse,last,9,0.001,70,500,1.0,0.0,3,2,5,1,10,551,254,13.6731,43.2631,0.438216,7.48278,35.9786,0.371429
rmse,last,9,0.001,70,500,1.0,0.0,3,2,5,1,10,551,255,13.6656,43.2638,0.438294,7.97843,35.8095,0.371429
rmse,last,9,0.001,70,500,1.0,0.0,3,2,5,1,10,551,256,13.6599,43.2648,0.438294,8.2024,35.9109,0.371429
rmse,last,9,0.001,70,500,1.0,0.0,3,2,5,1,10,551,257,13.6733,43.2705,0.438242,7.48681,35.7374,0.371429
rmse,last,9,0.001,70,500,1.0,0.0,3,2,5,1,10,551,258,13.6786,43.274,0.438268,7.33506,35.8747,0.371429
rmse,last,9,0.001,70,500,1.0,0.0,3,2,5,1,10,551,259,13.6709,43.2708,0.43819,7.58856,35.6951,0.371429
rmse,last,9,0.001,70,500,1.0,0.0,3,2,5,1,10,551,260,13.6465,43.2715,0.438346,8.15837,36.0367,0.371429
rmse,last,9,0.001,70,500,1.0,0.0,3,2,5,1,10,551,261,13.6615,43.2748,0.438294,7.85868,35.6998,0.371429
rmse,last,9,0.001,70,500,1.0,0.0,3,2,5,1,10,551,262,13.6766,43.2864,0.438294,7.41578,35.7761,0.371429
rmse,last,9,0.001,70,500,1.0,0.0,3,2,5,1,10,551,263,13.6717,43.2877,0.438294,7.46683,35.785,0.371429
rmse,last,9,0.001,70,500,1.0,0.0,3,2,5,1,10,551,264,13.6602,43.2866,0.43819,7.80264,35.7628,0.371429
rmse,last,9,0.001,70,500,1.0,0.0,3,2,5,1,10,551,265,13.658,43.2913,0.438242,8.17163,35.8876,0.371429
rmse,last,9,0.001,70,500,1.0,0.0,3,2,5,1,10,551,266,13.6585,43.2944,0.438242,7.83788,35.8052,0.371429
rmse,last,9,0.001,70,500,1.0,0.0,3,2,5,1,10,551,267,13.6595,43.2993,0.438268,7.63269,35.8648,0.371429
rmse,last,9,0.001,70,500,1.0,0.0,3,2,5,1,10,551,268,13.6585,43.3035,0.438242,7.69161,35.7995,0.371429
rmse,last,9,0.001,70,500,1.0,0.0,3,2,5,1,10,551,269,13.6563,43.3055,0.43819,8.01812,35.7918,0.371429
rmse,last,9,0.001,70,500,1.0,0.0,3,2,5,1,10,551,270,13.6544,43.3082,0.43819,8.02792,35.7743,0.371429
rmse,last,9,0.001,70,500,1.0,0.0,3,2,5,1,10,551,271,13.6536,43.3121,0.43819,7.63974,35.7162,0.371429
rmse,last,9,0.001,70,500,1.0,0.0,3,2,5,1,10,551,272,13.6524,43.3139,0.438242,7.5023,35.7199,0.371429
rmse,last,9,0.001,70,500,1.0,0.0,3,2,5,1,10,551,273,13.6489,43.3134,0.438138,7.66311,35.6385,0.371429
rmse,last,9,0.001,70,500,1.0,0.0,3,2,5,1,10,551,274,13.6436,43.3113,0.438138,7.90135,35.6461,0.371429
rmse,last,9,0.001,70,500,1.0,0.0,3,2,5,1,10,551,275,13.6449,43.3129,0.438087,7.62608,35.5637,0.371429
rmse,last,9,0.001,70,500,1.0,0.0,3,2,5,1,10,551,276,13.6459,43.314,0.438164,7.38491,35.5533,0.371429
rmse,last,9,0.001,70,500,1.0,0.0,3,2,5,1,10,551,277,13.6431,43.3124,0.438138,7.43278,35.4938,0.371429
rmse,last,9,0.001,70,500,1.0,0.0,3,2,5,1,10,551,278,13.6366,43.3072,0.438113,7.65615,35.472,0.371429
rmse,last,9,0.001,70,500,1.0,0.0,3,2,5,1,10,551,279,13.6354,43.3076,0.438113,7.54452,35.4252,0.371429
rmse,last,9,0.001,70,500,1.0,0.0,3,2,5,1,10,551,280,13.6359,43.3091,0.438113,7.33012,35.3983,0.371429
rmse,last,9,0.001,70,500,1.0,0.0,3,2,5,1,10,551,281,13.6321,43.3074,0.438087,7.31893,35.363,0.371429
rmse,last,9,0.001,70,500,1.0,0.0,3,2,5,1,10,551,282,13.6248,43.3035,0.438061,7.45386,35.3303,0.371429
rmse,last,9,0.001,70,500,1.0,0.0,3,2,5,1,10,551,283,13.6206,43.3013,0.437983,7.43259,35.2983,0.371429
rmse,last,9,0.001,70,500,1.0,0.0,3,2,5,1,10,551,284,13.6193,43.3007,0.438009,7.26805,35.2605,0.371429
rmse,last,9,0.001,70,500,1.0,0.0,3,2,5,1,10,551,285,13.6147,43.2975,0.437983,7.24114,35.2235,0.371429
rmse,last,9,0.001,70,500,1.0,0.0,3,2,5,1,10,551,286,13.6074,43.2925,0.437957,7.32559,35.1733,0.371429
rmse,last,9,0.001,70,500,1.0,0.0,3,2,5,1,10,551,287,13.6019,43.2888,0.437983,7.30761,35.1378,0.371429
rmse,last,9,0.001,70,500,1.0,0.0,3,2,5,1,10,551,288,13.6001,43.2873,0.438009,7.14956,35.1071,0.371429
rmse,last,9,0.001,70,500,1.0,0.0,3,2,5,1,10,551,289,13.5958,43.2863,0.437957,7.13021,35.0782,0.371429
rmse,last,9,0.001,70,500,1.0,0.0,3,2,5,1,10,551,290,13.5945,43.2883,0.437931,7.18466,35.0966,0.371429
rmse,last,9,0.001,70,500,1.0,0.0,3,2,5,1,10,551,291,13.5764,43.2749,0.438113,7.12471,35.4032,0.371429
rmse,last,9,0.001,70,500,1.0,0.0,3,2,5,1,10,551,292,13.592,43.2943,0.437931,7.15235,35.0063,0.371429
rmse,last,9,0.001,70,500,1.0,0.0,3,2,5,1,10,551,293,13.5958,43.3031,0.437957,7.45972,35.1909,0.371429
rmse,last,9,0.001,70,500,1.0,0.0,3,2,5,1,10,551,294,13.5664,43.2842,0.438113,9.27883,37.931,0.371429
rmse,last,9,0.001,70,500,1.0,0.0,3,2,5,1,10,551,295,13.5628,43.2901,0.438164,10.3372,38.8028,0.371429
rmse,last,9,0.001,70,500,1.0,0.0,3,2,5,1,10,551,296,13.5648,43.2947,0.438061,10.0273,38.5481,0.371429
rmse,last,9,0.001,70,500,1.0,0.0,3,2,5,1,10,551,297,13.5717,43.2977,0.438035,7.53874,36.2919,0.371429
rmse,last,9,0.001,70,500,1.0,0.0,3,2,5,1,10,551,298,13.6182,43.4205,0.437698,12.2813,39.6651,0.371429
rmse,last,9,0.001,70,500,1.0,0.0,3,2,5,1,10,551,299,13.6174,43.4402,0.43762,13.0526,40.2531,0.371429
rmse,last,9,0.001,70,500,1.0,0.0,3,2,5,1,10,551,300,13.6014,43.3445,0.438035,6.84394,35.0732,0.371429
rmse,last,9,0.001,70,500,1.0,0.0,3,2,5,1,10,551,-1,13.4741,43.2702,0.437931,11.0749,40.2884,0.371429
rmse,last,9,0.001,70,500,1.0,0.0,3,2,5,1,10,551,301,13.5874,43.3352,0.438164,9.07213,37.8674,0.371429
rmse,last,9,0.001,70,500,1.0,0.0,3,2,5,1,10,551,302,13.5928,43.3461,0.438113,9.33148,38.0661,0.371429
rmse,last,9,0.001,70,500,1.0,0.0,3,2,5,1,10,551,303,13.6111,43.3628,0.438035,7.24292,35.9416,0.371429
rmse,last,9,0.001,70,500,1.0,0.0,3,2,5,1,10,551,304,13.6369,43.456,0.437464,10.5069,38.092,0.371429
rmse,last,9,0.001,70,500,1.0,0.0,3,2,5,1,10,551,305,13.6413,43.4611,0.437387,10.2308,37.8199,0.371429
rmse,last,9,0.001,70,500,1.0,0.0,3,2,5,1,10,551,306,13.6265,43.3968,0.437983,7.11926,35.8137,0.371429
rmse,last,9,0.001,70,500,1.0,0.0,3,2,5,1,10,551,307,13.6331,43.4047,0.438138,8.25525,37.1076,0.371429
rmse,last,9,0.001,70,500,1.0,0.0,3,2,5,1,10,551,308,13.6347,43.4131,0.438061,7.58603,36.4411,0.371429
rmse,last,9,0.001,70,500,1.0,0.0,3,2,5,1,10,551,309,13.6279,43.4365,0.437283,7.03038,35.1428,0.371429
rmse,last,9,0.001,70,500,1.0,0.0,3,2,5,1,10,551,310,13.6538,43.4856,0.436816,9.00657,36.675,0.4
rmse,last,9,0.001,70,500,1.0,0.0,3,2,5,1,10,551,311,13.6175,43.4286,0.437724,6.75876,34.949,0.371429
rmse,last,9,0.001,70,500,1.0,0.0,3,2,5,1,10,551,312,13.632,43.433,0.437879,7.43463,36.0837,0.371429
rmse,last,9,0.001,70,500,1.0,0.0,3,2,5,1,10,551,313,13.6247,43.4328,0.437672,6.99838,35.3148,0.371429
rmse,last,9,0.001,70,500,1.0,0.0,3,2,5,1,10,551,314,13.6213,43.4531,0.436012,7.99347,35.5182,0.385714
rmse,last,9,0.001,70,500,1.0,0.0,3,2,5,1,10,551,315,13.6442,43.4677,0.436272,7.0625,34.9028,0.385714
rmse,last,9,0.001,70,500,1.0,0.0,3,2,5,1,10,551,316,13.6577,43.4711,0.43705,6.66904,35.084,0.357143
rmse,last,9,0.001,70,500,1.0,0.0,3,2,5,1,10,551,317,13.6647,43.4787,0.436479,6.63605,35.0651,0.342857
rmse,last,9,0.001,70,500,1.0,0.0,3,2,5,1,10,551,318,13.6643,43.4884,0.435494,6.97854,34.8582,0.414286
rmse,last,9,0.001,70,500,1.0,0.0,3,2,5,1,10,551,319,13.6669,43.4963,0.434846,7.55051,35.1495,0.385714
rmse,last,9,0.001,70,500,1.0,0.0,3,2,5,1,10,551,320,13.6718,43.4948,0.434768,6.51428,34.786,0.385714
rmse,last,9,0.001,70,500,1.0,0.0,3,2,5,1,10,551,321,13.6701,43.4971,0.43552,6.67097,35.3323,0.342857
rmse,last,9,0.001,70,500,1.0,0.0,3,2,5,1,10,551,322,13.6665,43.4989,0.43469,6.6661,34.6113,0.414286
rmse,last,9,0.001,70,500,1.0,0.0,3,2,5,1,10,551,323,13.6812,43.5276,0.433601,8.34993,35.5791,0.385714
rmse,last,9,0.001,70,500,1.0,0.0,3,2,5,1,10,551,324,13.6644,43.5023,0.434898,6.74492,35.3595,0.357143
rmse,last,9,0.001,70,500,1.0,0.0,3,2,5,1,10,551,325,13.6624,43.5087,0.43552,7.04618,35.7888,0.4
rmse,last,9,0.001,70,500,1.0,0.0,3,2,5,1,10,551,326,13.6556,43.5212,0.432927,6.67391,34.7531,0.4
rmse,last,9,0.001,70,500,1.0,0.0,3,2,5,1,10,551,327,13.6991,43.5889,0.432123,8.40342,36.0704,0.385714
rmse,last,9,0.001,70,500,1.0,0.0,3,2,5,1,10,551,328,13.647,43.522,0.433057,6.47339,34.6797,0.4
rmse,last,9,0.001,70,500,1.0,0.0,3,2,5,1,10,551,329,13.6542,43.5286,0.434872,6.96659,35.7438,0.442857
rmse,last,9,0.001,70,500,1.0,0.0,3,2,5,1,10,551,330,13.656,43.5324,0.433861,6.48457,34.9538,0.414286
rmse,last,9,0.001,70,500,1.0,0.0,3,2,5,1,10,551,331,13.654,43.5485,0.432435,6.70555,34.718,0.414286
rmse,last,9,0.001,70,500,1.0,0.0,3,2,5,1,10,551,332,13.6752,43.5826,0.432409,7.44403,35.3122,0.414286
rmse,last,9,0.001,70,500,1.0,0.0,3,2,5,1,10,551,333,13.6544,43.5462,0.433316,6.34978,34.3965,0.442857
rmse,last,9,0.001,70,500,1.0,0.0,3,2,5,1,10,551,334,13.657,43.5502,0.43246,6.19269,34.7335,0.385714
rmse,last,9,0.001,70,500,1.0,0.0,3,2,5,1,10,551,335,13.6501,43.5473,0.432097,6.16138,34.7083,0.4
rmse,last,9,0.001,70,500,1.0,0.0,3,2,5,1,10,551,336,13.6335,43.5305,0.432201,6.23685,34.2484,0.485714
rmse,last,9,0.001,70,500,1.0,0.0,3,2,5,1,10,551,337,13.6351,43.5322,0.432305,7.36639,34.6907,0.4
rmse,last,9,0.001,70,500,1.0,0.0,3,2,5,1,10,551,338,13.659,43.5585,0.431294,6.04308,34.4643,0.414286
rmse,last,9,0.001,70,500,1.0,0.0,3,2,5,1,10,551,339,13.6702,43.5876,0.431579,6.34338,35.384,0.4
rmse,last,9,0.001,70,500,1.0,0.0,3,2,5,1,10,551,340,13.679,43.5832,0.431112,6.05719,34.3789,0.428571
rmse,last,9,0.001,70,500,1.0,0.0,3,2,5,1,10,551,341,13.6865,43.5968,0.431838,6.98199,34.7708,0.4
rmse,last,9,0.001,70,500,1.0,0.0,3,2,5,1,10,551,342,13.6802,43.5955,0.431994,6.87389,34.679,0.414286
rmse,last,9,0.001,70,500,1.0,0.0,3,2,5,1,10,551,343,13.6629,43.5847,0.430853,6.14653,34.3728,0.442857
rmse,last,9,0.001,70,500,1.0,0.0,3,2,5,1,10,551,344,13.6504,43.5796,0.430853,6.31123,34.7676,0.385714
rmse,last,9,0.001,70,500,1.0,0.0,3,2,5,1,10,551,345,13.6482,43.5804,0.429946,6.27416,34.5476,0.4
rmse,last,9,0.001,70,500,1.0,0.0,3,2,5,1,10,551,346,13.654,43.5862,0.430438,6.48734,34.4863,0.414286
rmse,last,9,0.001,70,500,1.0,0.0,3,2,5,1,10,551,347,13.6686,43.5987,0.430542,6.70775,34.5167,0.385714
rmse,last,9,0.001,70,500,1.0,0.0,3,2,5,1,10,551,348,13.6692,43.5967,0.430646,6.29818,34.2788,0.428571
rmse,last,9,0.001,70,500,1.0,0.0,3,2,5,1,10,551,349,13.6707,43.6049,0.430179,5.99139,34.3403,0.428571
rmse,last,9,0.001,70,500,1.0,0.0,3,2,5,1,10,551,350,13.6757,43.6119,0.429531,5.93536,34.3734,0.428571
rmse,last,9,0.001,70,500,1.0,0.0,3,2,5,1,10,551,-1,13.5332,43.5756,0.43176,12.5947,41.8836,0.385714
rmse,last,9,0.001,70,500,1.0,0.0,3,2,5,1,10,551,351,13.6856,43.6158,0.430412,6.08187,34.2393,0.442857
rmse,last,9,0.001,70,500,1.0,0.0,3,2,5,1,10,551,352,13.6967,43.6264,0.431086,6.44944,34.3013,0.414286
rmse,last,9,0.001,70,500,1.0,0.0,3,2,5,1,10,551,353,13.6953,43.6276,0.43132,6.32525,34.233,0.457143
rmse,last,9,0.001,70,500,1.0,0.0,3,2,5,1,10,551,354,13.6846,43.6201,0.42992,5.96403,34.1373,0.428571
rmse,last,9,0.001,70,500,1.0,0.0,3,2,5,1,10,551,355,13.6791,43.6195,0.428623,5.8566,34.1719,0.442857
rmse,last,9,0.001,70,500,1.0,0.0,3,2,5,1,10,551,356,13.6758,43.6172,0.428934,5.86867,34.1332,0.428571
rmse,last,9,0.001,70,500,1.0,0.0,3,2,5,1,10,551,357,13.6735,43.6158,0.429557,5.94068,34.0479,0.442857
rmse,last,9,0.001,70,500,1.0,0.0,3,2,5,1,10,551,358,13.6772,43.626,0.430075,6.12676,33.9923,0.471429
rmse,last,9,0.001,70,500,1.0,0.0,3,2,5,1,10,551,359,13.6749,43.6242,0.429816,6.57851,34.1661,0.428571
rmse,last,9,0.001,70,500,1.0,0.0,3,2,5,1,10,551,360,13.6536,43.6047,0.429583,5.90096,33.9893,0.442857
rmse,last,9,0.001,70,500,1.0,0.0,3,2,5,1,10,551,361,13.6481,43.5996,0.429012,5.8764,34.1089,0.4
rmse,last,9,0.001,70,500,1.0,0.0,3,2,5,1,10,551,362,13.6436,43.5975,0.428753,5.85396,34.0646,0.4
rmse,last,9,0.001,70,500,1.0,0.0,3,2,5,1,10,551,363,13.6445,43.6054,0.429997,5.88332,33.8367,0.442857
rmse,last,9,0.001,70,500,1.0,0.0,3,2,5,1,10,551,364,13.6509,43.611,0.42992,6.75878,34.1993,0.442857
rmse,last,9,0.001,70,500,1.0,0.0,3,2,5,1,10,551,365,13.6431,43.6076,0.429608,5.90859,33.752,0.457143
rmse,last,9,0.001,70,500,1.0,0.0,3,2,5,1,10,551,366,13.6348,43.5978,0.428234,5.73881,34.0034,0.4
rmse,last,9,0.001,70,500,1.0,0.0,3,2,5,1,10,551,367,13.6328,43.5978,0.428416,5.71328,34.0095,0.4
rmse,last,9,0.001,70,500,1.0,0.0,3,2,5,1,10,551,368,13.6369,43.6074,0.428986,5.76097,33.6998,0.471429
rmse,last,9,0.001,70,500,1.0,0.0,3,2,5,1,10,551,369,13.6414,43.6105,0.429323,6.3488,33.9124,0.471429
rmse,last,9,0.001,70,500,1.0,0.0,3,2,5,1,10,551,370,13.6311,43.602,0.429116,6.12507,33.7665,0.485714
rmse,last,9,0.001,70,500,1.0,0.0,3,2,5,1,10,551,371,13.6203,43.5956,0.428701,5.6755,33.6846,0.428571
rmse,last,9,0.001,70,500,1.0,0.0,3,2,5,1,10,551,372,13.6113,43.5895,0.42826,5.6286,33.7943,0.4
rmse,last,9,0.001,70,500,1.0,0.0,3,2,5,1,10,551,373,13.603,43.5793,0.429038,5.89606,33.6405,0.457143
rmse,last,9,0.001,70,500,1.0,0.0,3,2,5,1,10,551,374,13.5955,43.5765,0.430205,6.2403,33.7916,0.442857
rmse,last,9,0.001,70,500,1.0,0.0,3,2,5,1,10,551,375,13.5995,43.5799,0.429349,5.95565,33.6296,0.471429
rmse,last,9,0.001,70,500,1.0,0.0,3,2,5,1,10,551,376,13.6064,43.5881,0.428338,5.68727,33.6099,0.414286
rmse,last,9,0.001,70,500,1.0,0.0,3,2,5,1,10,551,377,13.6085,43.596,0.428079,5.5867,33.6761,0.414286
rmse,last,9,0.001,70,500,1.0,0.0,3,2,5,1,10,551,378,13.6125,43.5991,0.428208,5.66497,33.5612,0.442857
rmse,last,9,0.001,70,500,1.0,0.0,3,2,5,1,10,551,379,13.6166,43.605,0.428908,5.88635,33.5749,0.5
rmse,last,9,0.001,70,500,1.0,0.0,3,2,5,1,10,551,380,13.6155,43.6068,0.428857,5.92779,33.574,0.485714
rmse,last,9,0.001,70,500,1.0,0.0,3,2,5,1,10,551,381,13.6072,43.6021,0.428157,5.68876,33.4817,0.471429
rmse,last,9,0.001,70,500,1.0,0.0,3,2,5,1,10,551,382,13.6016,43.6014,0.428338,5.59153,33.5124,0.428571
rmse,last,9,0.001,70,500,1.0,0.0,3,2,5,1,10,551,383,13.5983,43.6009,0.428468,5.6017,33.4849,0.428571
rmse,last,9,0.001,70,500,1.0,0.0,3,2,5,1,10,551,384,13.5974,43.6017,0.428364,5.69608,33.4452,0.457143
rmse,last,9,0.001,70,500,1.0,0.0,3,2,5,1,10,551,385,13.6017,43.6078,0.428597,5.78273,33.4618,0.471429
rmse,last,9,0.001,70,500,1.0,0.0,3,2,5,1,10,551,386,13.6071,43.6158,0.427897,5.65031,33.3959,0.457143
rmse,last,9,0.001,70,500,1.0,0.0,3,2,5,1,10,551,387,13.612,43.6247,0.428027,5.50645,33.3847,0.442857
rmse,last,9,0.001,70,500,1.0,0.0,3,2,5,1,10,551,388,13.6176,43.6327,0.428105,5.46489,33.3755,0.471429
rmse,last,9,0.001,70,500,1.0,0.0,3,2,5,1,10,551,389,13.6255,43.6399,0.427353,5.54247,33.3414,0.471429
rmse,last,9,0.001,70,500,1.0,0.0,3,2,5,1,10,551,390,13.6282,43.6431,0.426964,5.621,33.3412,0.5
rmse,last,9,0.001,70,500,1.0,0.0,3,2,5,1,10,551,391,13.6207,43.6398,0.427586,5.51427,33.2878,0.457143
rmse,last,9,0.001,70,500,1.0,0.0,3,2,5,1,10,551,392,13.6122,43.6365,0.427249,5.41636,33.2784,0.442857
rmse,last,9,0.001,70,500,1.0,0.0,3,2,5,1,10,551,393,13.6079,43.6348,0.426938,5.41905,33.2575,0.442857
rmse,last,9,0.001,70,500,1.0,0.0,3,2,5,1,10,551,394,13.607,43.6343,0.426886,5.4962,33.2326,0.442857
rmse,last,9,0.001,70,500,1.0,0.0,3,2,5,1,10,551,395,13.6098,43.6379,0.42686,5.50635,33.2061,0.457143
rmse,last,9,0.001,70,500,1.0,0.0,3,2,5,1,10,551,396,13.6142,43.6456,0.426471,5.37118,33.1583,0.442857
rmse,last,9,0.001,70,500,1.0,0.0,3,2,5,1,10,551,397,13.6179,43.6529,0.426419,5.28501,33.1446,0.442857
rmse,last,9,0.001,70,500,1.0,0.0,3,2,5,1,10,551,398,13.6203,43.6559,0.426679,5.3467,33.1132,0.457143
rmse,last,9,0.001,70,500,1.0,0.0,3,2,5,1,10,551,399,13.619,43.6587,0.426705,5.34241,33.0927,0.442857
rmse,last,9,0.001,70,500,1.0,0.0,3,2,5,1,10,551,400,13.6185,43.6662,0.426419,5.18645,33.0951,0.457143
rmse,last,9,0.001,70,500,1.0,0.0,3,2,5,1,10,551,-1,13.5689,43.728,0.426368,14.2083,43.1637,0.357143
rmse,last,9,0.001,70,500,1.0,0.0,3,2,5,1,10,551,401,13.6233,43.6687,0.427223,5.4285,33.102,0.457143
rmse,last,9,0.001,70,500,1.0,0.0,3,2,5,1,10,551,402,13.6152,43.6753,0.426601,5.17677,33.5018,0.457143
rmse,last,9,0.001,70,500,1.0,0.0,3,2,5,1,10,551,403,13.6272,43.6835,0.426497,5.07036,33.138,0.471429
rmse,last,9,0.001,70,500,1.0,0.0,3,2,5,1,10,551,404,13.6526,43.6994,0.426212,6.46397,33.8741,0.457143
rmse,last,9,0.001,70,500,1.0,0.0,3,2,5,1,10,551,405,13.6277,43.6865,0.426523,5.11801,33.1287,0.457143
rmse,last,9,0.001,70,500,1.0,0.0,3,2,5,1,10,551,406,13.6218,43.6857,0.426497,5.17654,33.3538,0.485714
rmse,last,9,0.001,70,500,1.0,0.0,3,2,5,1,10,551,407,13.6232,43.6892,0.425953,5.13392,33.2215,0.457143
rmse,last,9,0.001,70,500,1.0,0.0,3,2,5,1,10,551,408,13.6355,43.7038,0.426834,5.43224,33.2312,0.471429
rmse,last,9,0.001,70,500,1.0,0.0,3,2,5,1,10,551,409,13.6442,43.714,0.426342,5.32114,33.138,0.471429
rmse,last,9,0.001,70,500,1.0,0.0,3,2,5,1,10,551,410,13.6409,43.7113,0.425253,4.98154,33.1194,0.471429
rmse,last,9,0.001,70,500,1.0,0.0,3,2,5,1,10,551,411,13.6413,43.7137,0.425175,4.93437,33.0903,0.485714
rmse,last,9,0.001,70,500,1.0,0.0,3,2,5,1,10,551,412,13.646,43.7174,0.426497,5.2455,33.0203,0.471429
rmse,last,9,0.001,70,500,1.0,0.0,3,2,5,1,10,551,413,13.6256,43.7033,0.426601,5.05161,32.8268,0.485714
rmse,last,9,0.001,70,500,1.0,0.0,3,2,5,1,10,551,414,13.6111,43.7012,0.425979,4.92843,32.9105,0.457143
rmse,last,9,0.001,70,500,1.0,0.0,3,2,5,1,10,551,415,13.6019,43.6941,0.427016,5.07182,32.8422,0.485714
rmse,last,9,0.001,70,500,1.0,0.0,3,2,5,1,10,551,416,13.6215,43.7117,0.42712,5.02261,32.7872,0.471429
rmse,last,9,0.001,70,500,1.0,0.0,3,2,5,1,10,551,417,13.6378,43.7323,0.425953,4.79203,32.7908,0.514286
rmse,last,9,0.001,70,500,1.0,0.0,3,2,5,1,10,551,418,13.6457,43.7409,0.425745,4.80831,32.8026,0.5
rmse,last,9,0.001,70,500,1.0,0.0,3,2,5,1,10,551,419,13.6396,43.7364,0.426419,4.87708,32.7431,0.5
rmse,last,9,0.001,70,500,1.0,0.0,3,2,5,1,10,551,420,13.6249,43.7296,0.426757,4.7867,32.6979,0.485714
rmse,last,9,0.001,70,500,1.0,0.0,3,2,5,1,10,551,421,13.6155,43.7255,0.426757,4.80221,32.6993,0.471429
rmse,last,9,0.001,70,500,1.0,0.0,3,2,5,1,10,551,422,13.6123,43.7244,0.426627,4.85905,32.6922,0.485714
rmse,last,9,0.001,70,500,1.0,0.0,3,2,5,1,10,551,423,13.6212,43.7345,0.426782,4.80426,32.6504,0.485714
rmse,last,9,0.001,70,500,1.0,0.0,3,2,5,1,10,551,424,13.6355,43.7504,0.426368,4.69788,32.6083,0.485714
rmse,last,9,0.001,70,500,1.0,0.0,3,2,5,1,10,551,425,13.6507,43.7656,0.426005,4.66949,32.5914,0.514286
rmse,last,9,0.001,70,500,1.0,0.0,3,2,5,1,10,551,426,13.6597,43.7752,0.425849,4.67885,32.598,0.514286
rmse,last,9,0.001,70,500,1.0,0.0,3,2,5,1,10,551,427,13.6552,43.7754,0.425797,4.61039,32.5589,0.514286
rmse,last,9,0.001,70,500,1.0,0.0,3,2,5,1,10,551,428,13.6478,43.7711,0.426005,4.6529,32.5286,0.5
rmse,last,9,0.001,70,500,1.0,0.0,3,2,5,1,10,551,429,13.6421,43.7679,0.426082,4.70911,32.528,0.5
rmse,last,9,0.001,70,500,1.0,0.0,3,2,5,1,10,551,430,13.6413,43.7713,0.425953,4.6328,32.5134,0.485714
rmse,last,9,0.001,70,500,1.0,0.0,3,2,5,1,10,551,431,13.6456,43.7772,0.425979,4.62473,32.4881,0.485714
rmse,last,9,0.001,70,500,1.0,0.0,3,2,5,1,10,551,432,13.6535,43.7852,0.425745,4.66328,32.4715,0.5
rmse,last,9,0.001,70,500,1.0,0.0,3,2,5,1,10,551,433,13.6596,43.7945,0.425279,4.54141,32.4586,0.5
rmse,last,9,0.001,70,500,1.0,0.0,3,2,5,1,10,551,434,13.6631,43.7998,0.425123,4.55527,32.4356,0.514286
rmse,last,9,0.001,70,500,1.0,0.0,3,2,5,1,10,551,435,13.6615,43.801,0.425357,4.59287,32.4147,0.514286
rmse,last,9,0.001,70,500,1.0,0.0,3,2,5,1,10,551,436,13.657,43.8014,0.425331,4.49916,32.3976,0.485714
rmse,last,9,0.001,70,500,1.0,0.0,3,2,5,1,10,551,437,13.6548,43.8016,0.42546,4.52568,32.3783,0.5
rmse,last,9,0.001,70,500,1.0,0.0,3,2,5,1,10,551,438,13.6545,43.8033,0.425305,4.5497,32.3636,0.5
rmse,last,9,0.001,70,500,1.0,0.0,3,2,5,1,10,551,439,13.6564,43.8087,0.425305,4.45453,32.3411,0.5
rmse,last,9,0.001,70,500,1.0,0.0,3,2,5,1,10,551,440,13.6599,43.8139,0.425097,4.45551,32.3204,0.514286
rmse,last,9,0.001,70,500,1.0,0.0,3,2,5,1,10,551,441,13.6617,43.817,0.424864,4.48447,32.3106,0.514286
rmse,last,9,0.001,70,500,1.0,0.0,3,2,5,1,10,551,442,13.658,43.8178,0.425357,4.40224,32.2886,0.528571
rmse,last,9,0.001,70,500,1.0,0.0,3,2,5,1,10,551,443,13.6553,43.8172,0.424916,4.43065,32.2674,0.542857
rmse,last,9,0.001,70,500,1.0,0.0,3,2,5,1,10,551,444,13.6549,43.8183,0.424527,4.47187,32.2548,0.514286
rmse,last,9,0.001,70,500,1.0,0.0,3,2,5,1,10,551,445,13.6575,43.8249,0.424916,4.3709,32.2326,0.514286
rmse,last,9,0.001,70,500,1.0,0.0,3,2,5,1,10,551,446,13.6615,43.8306,0.424838,4.35865,32.2121,0.542857
rmse,last,9,0.001,70,500,1.0,0.0,3,2,5,1,10,551,447,13.6656,43.835,0.424216,4.41395,32.2006,0.528571
rmse,last,9,0.001,70,500,1.0,0.0,3,2,5,1,10,551,448,13.6649,43.8392,0.424631,4.30428,32.1801,0.557143
rmse,last,9,0.001,70,500,1.0,0.0,3,2,5,1,10,551,449,13.6643,43.8404,0.424423,4.32681,32.1574,0.542857
rmse,last,9,0.001,70,500,1.0,0.0,3,2,5,1,10,551,450,13.6633,43.841,0.424138,4.37306,32.1436,0.514286
rmse,last,9,0.001,70,500,1.0,0.0,3,2,5,1,10,551,-1,13.5987,43.8833,0.423593,15.3611,44.2999,0.385714
rmse,last,9,0.001,70,500,1.0,0.0,3,2,5,1,10,551,451,13.6634,43.8458,0.424371,4.2618,32.127,0.542857
rmse,last,9,0.001,70,500,1.0,0.0,3,2,5,1,10,551,452,13.6657,43.8487,0.423905,4.31049,32.1021,0.557143
rmse,last,9,0.001,70,500,1.0,0.0,3,2,5,1,10,551,453,13.6688,43.8537,0.423905,4.29607,32.0834,0.571429
rmse,last,9,0.001,70,500,1.0,0.0,3,2,5,1,10,551,454,13.6707,43.8601,0.424112,4.19457,32.0711,0.571429
rmse,last,9,0.001,70,500,1.0,0.0,3,2,5,1,10,551,455,13.6714,43.8607,0.424086,4.29065,32.0523,0.557143
rmse,last,9,0.001,70,500,1.0,0.0,3,2,5,1,10,551,456,13.6698,43.8652,0.424008,4.14906,32.0319,0.585714
rmse,last,9,0.001,70,500,1.0,0.0,3,2,5,1,10,551,457,13.6689,43.866,0.424242,4.18873,32.0113,0.571429
rmse,last,9,0.001,70,500,1.0,0.0,3,2,5,1,10,551,458,13.6717,43.872,0.423749,4.11304,31.9927,0.585714
rmse,last,9,0.001,70,500,1.0,0.0,3,2,5,1,10,551,459,13.6755,43.8764,0.423905,4.15233,31.9729,0.571429
rmse,last,9,0.001,70,500,1.0,0.0,3,2,5,1,10,551,460,13.6801,43.8831,0.423853,4.08284,31.9672,0.585714
rmse,last,9,0.001,70,500,1.0,0.0,3,2,5,1,10,551,461,13.6824,43.8807,0.423308,4.51369,32.0871,0.557143
rmse,last,9,0.001,70,500,1.0,0.0,3,2,5,1,10,551,462,13.6407,43.9157,0.424527,10.2347,38.7698,0.457143
rmse,last,9,0.001,70,500,1.0,0.0,3,2,5,1,10,551,463,13.6608,43.9434,0.42476,11.836,40.4343,0.285714
rmse,last,9,0.001,70,500,1.0,0.0,3,2,5,1,10,551,464,13.6677,43.9521,0.422842,12.0755,40.5358,0.271429
rmse,last,9,0.001,70,500,1.0,0.0,3,2,5,1,10,551,465,13.6534,43.952,0.423801,10.9215,39.5494,0.442857
rmse,last,9,0.001,70,500,1.0,0.0,3,2,5,1,10,551,466,13.597,43.9267,0.425408,6.78281,35.8394,0.542857
rmse,last,9,0.001,70,500,1.0,0.0,3,2,5,1,10,551,467,13.5687,43.9131,0.424994,12.1032,39.94,0.4
rmse,last,9,0.001,70,500,1.0,0.0,3,2,5,1,10,551,468,13.5826,43.9111,0.424319,13.6824,41.0919,0.371429
rmse,last,9,0.001,70,500,1.0,0.0,3,2,5,1,10,551,469,13.5321,43.8378,0.42489,9.12716,37.3377,0.428571
rmse,last,9,0.001,70,500,1.0,0.0,3,2,5,1,10,551,470,13.6251,43.911,0.425901,9.26454,38.3022,0.471429
rmse,last,9,0.001,70,500,1.0,0.0,3,2,5,1,10,551,471,13.657,43.9409,0.421234,13.3258,41.7916,0.3
rmse,last,9,0.001,70,500,1.0,0.0,3,2,5,1,10,551,472,13.6709,43.9619,0.421493,15.1548,43.2195,0.328571
rmse,last,9,0.001,70,500,1.0,0.0,3,2,5,1,10,551,473,13.679,43.9616,0.421779,13.4261,41.8744,0.314286
rmse,last,9,0.001,70,500,1.0,0.0,3,2,5,1,10,551,474,13.6798,43.9381,0.423153,10.6411,39.6715,0.328571
rmse,last,9,0.001,70,500,1.0,0.0,3,2,5,1,10,551,475,13.6194,43.8711,0.424631,9.10029,38.2758,0.428571
rmse,last,9,0.001,70,500,1.0,0.0,3,2,5,1,10,551,476,13.6121,43.87,0.420845,11.792,40.0088,0.328571
rmse,last,9,0.001,70,500,1.0,0.0,3,2,5,1,10,551,477,13.6158,43.9122,0.422893,12.8947,41.2115,0.342857
rmse,last,9,0.001,70,500,1.0,0.0,3,2,5,1,10,551,478,13.6418,43.8966,0.422038,9.49032,37.5631,0.357143
rmse,last,9,0.001,70,500,1.0,0.0,3,2,5,1,10,551,479,13.6238,43.9013,0.422349,8.84118,37.5482,0.428571
rmse,last,9,0.001,70,500,1.0,0.0,3,2,5,1,10,551,480,13.6446,43.9395,0.422038,11.1329,39.3224,0.385714
rmse,last,9,0.001,70,500,1.0,0.0,3,2,5,1,10,551,481,13.6443,43.9605,0.42139,12.0022,40.2771,0.342857
rmse,last,9,0.001,70,500,1.0,0.0,3,2,5,1,10,551,482,13.6427,43.9585,0.420871,11.8633,40.1532,0.385714
rmse,last,9,0.001,70,500,1.0,0.0,3,2,5,1,10,551,483,13.6434,43.9386,0.421416,10.327,38.6697,0.428571
rmse,last,9,0.001,70,500,1.0,0.0,3,2,5,1,10,551,484,13.6183,43.9044,0.422245,7.40555,36.2802,0.514286
rmse,last,9,0.001,70,500,1.0,0.0,3,2,5,1,10,551,485,13.6301,43.9384,0.423075,8.04681,36.0944,0.385714
rmse,last,9,0.001,70,500,1.0,0.0,3,2,5,1,10,551,486,13.6512,43.95,0.422582,9.62153,37.6374,0.4
rmse,last,9,0.001,70,500,1.0,0.0,3,2,5,1,10,551,487,13.6213,43.9058,0.423075,6.70526,35.1033,0.4
rmse,last,9,0.001,70,500,1.0,0.0,3,2,5,1,10,551,488,13.608,43.88,0.421208,7.0007,35.4622,0.514286
rmse,last,9,0.001,70,500,1.0,0.0,3,2,5,1,10,551,489,13.6084,43.893,0.421079,7.63285,36.2606,0.514286
rmse,last,9,0.001,70,500,1.0,0.0,3,2,5,1,10,551,490,13.5848,43.8563,0.421416,6.94876,35.2129,0.542857
rmse,last,9,0.001,70,500,1.0,0.0,3,2,5,1,10,551,491,13.5847,43.85,0.423282,5.91362,34.2835,0.514286
rmse,last,9,0.001,70,500,1.0,0.0,3,2,5,1,10,551,492,13.5696,43.8339,0.425538,7.57527,35.4649,0.4
rmse,last,9,0.001,70,500,1.0,0.0,3,2,5,1,10,551,493,13.5868,43.8686,0.423853,5.96285,34.2349,0.514286
rmse,last,9,0.001,70,500,1.0,0.0,3,2,5,1,10,551,494,13.5984,43.9237,0.422556,6.28409,35.1661,0.514286
rmse,last,9,0.001,70,500,1.0,0.0,3,2,5,1,10,551,495,13.6036,43.9428,0.421882,5.83144,35.0138,0.542857
rmse,last,9,0.001,70,500,1.0,0.0,3,2,5,1,10,551,496,13.6022,43.9141,0.423205,5.32363,33.7938,0.557143
rmse,last,9,0.001,70,500,1.0,0.0,3,2,5,1,10,551,497,13.5922,43.9024,0.424605,5.43089,33.7351,0.485714
rmse,last,9,0.001,70,500,1.0,0.0,3,2,5,1,10,551,498,13.582,43.8932,0.424449,6.25352,34.3865,0.457143
rmse,last,9,0.001,70,500,1.0,0.0,3,2,5,1,10,551,499,13.5722,43.902,0.423801,5.24397,34.0304,0.514286
rmse,last,9,0.001,70,500,1.0,0.0,3,2,5,1,10,551,0,13.771,44.0967,0.420612,12.0791,41.7339,0.385714
rmse,last,9,0.001,70,500,1.0,0.0,3,2,5,1,10,551,1,13.7784,44.1005,0.419367,11.6977,41.285,0.414286
rmse,last,9,0.001,70,500,1.0,0.0,3,2,5,1,10,551,2,13.7698,44.0908,0.419341,12.0549,41.2292,0.471429
rmse,last,9,0.001,70,500,1.0,0.0,3,2,5,1,10,551,3,13.7435,44.0672,0.419679,11.9043,40.8097,0.485714
rmse,last,9,0.001,70,500,1.0,0.0,3,2,5,1,10,551,4,13.695,44.0218,0.421519,11.5972,40.4268,0.485714
rmse,last,9,0.001,70,500,1.0,0.0,3,2,5,1,10,551,5,13.6791,44.0029,0.42126,11.7941,40.6922,0.485714
rmse,last,9,0.001,70,500,1.0,0.0,3,2,5,1,10,551,6,13.6779,43.9918,0.421623,11.8234,40.6628,0.485714
rmse,last,9,0.001,70,500,1.0,0.0,3,2,5,1,10,551,7,13.6764,43.9868,0.42279,11.3291,40.2007,0.471429
rmse,last,9,0.001,70,500,1.0,0.0,3,2,5,1,10,551,8,13.6642,43.9961,0.424656,11.4848,39.9063,0.485714
rmse,last,9,0.001,70,500,1.0,0.0,3,2,5,1,10,551,9,13.6437,43.9928,0.42406,11.9417,40.101,0.485714
rmse,last,9,0.001,70,500,1.0,0.0,3,2,5,1,10,551,10,13.6259,43.9857,0.424216,11.6867,39.9102,0.442857
rmse,last,9,0.001,70,500,1.0,0.0,3,2,5,1,10,551,11,13.6214,43.9759,0.423931,11.364,39.5691,0.442857
rmse,last,9,0.001,70,500,1.0,0.0,3,2,5,1,10,551,12,13.6274,43.9669,0.423619,11.0642,39.1583,0.457143
rmse,last,9,0.001,70,500,1.0,0.0,3,2,5,1,10,551,13,13.6073,43.9482,0.424268,11.2101,39.0317,0.5
rmse,last,9,0.001,70,500,1.0,0.0,3,2,5,1,10,551,14,13.5903,43.9378,0.424319,10.9921,38.7791,0.5
rmse,last,9,0.001,70,500,1.0,0.0,3,2,5,1,10,551,15,13.5594,43.9168,0.423723,10.649,38.421,0.428571
rmse,last,9,0.001,70,500,1.0,0.0,3,2,5,1,10,551,16,13.5193,43.9011,0.423931,10.0676,38.2426,0.385714
rmse,last,9,0.001,70,500,1.0,0.0,3,2,5,1,10,551,17,13.4919,43.8903,0.424086,9.94465,37.9005,0.371429
rmse,last,9,0.001,70,500,1.0,0.0,3,2,5,1,10,551,18,13.4757,43.8806,0.423282,9.48407,37.4514,0.385714
rmse,last,9,0.001,70,500,1.0,0.0,3,2,5,1,10,551,19,13.5073,43.9001,0.424112,9.23828,37.1693,0.357143
rmse,last,9,0.001,70,500,1.0,0.0,3,2,5,1,10,551,20,13.5402,43.9193,0.424916,9.17464,37.1214,0.385714
rmse,last,9,0.001,70,500,1.0,0.0,3,2,5,1,10,551,21,13.5431,43.9261,0.424734,9.07812,37.0157,0.385714
rmse,last,9,0.001,70,500,1.0,0.0,3,2,5,1,10,551,22,13.5209,43.9286,0.424708,8.70691,36.537,0.385714
rmse,last,9,0.001,70,500,1.0,0.0,3,2,5,1,10,551,23,13.4962,43.9166,0.423308,8.68253,36.2387,0.371429
rmse,last,9,0.001,70,500,1.0,0.0,3,2,5,1,10,551,24,13.4705,43.9027,0.423205,8.59657,35.9895,0.371429
rmse,last,9,0.001,70,500,1.0,0.0,3,2,5,1,10,551,25,13.4605,43.8988,0.423464,8.70028,35.9773,0.4
rmse,last,9,0.001,70,500,1.0,0.0,3,2,5,1,10,551,26,13.4606,43.902,0.423101,8.7282,35.9707,0.4
rmse,last,9,0.001,70,500,1.0,0.0,3,2,5,1,10,551,27,13.4671,43.9099,0.422375,8.50239,35.756,0.4
rmse,last,9,0.001,70,500,1.0,0.0,3,2,5,1,10,551,28,13.4781,43.9199,0.422064,8.37282,35.6742,0.385714
rmse,last,9,0.001,70,500,1.0,0.0,3,2,5,1,10,551,29,13.4872,43.9309,0.423023,8.30545,35.6718,0.385714
rmse,last,9,0.001,70,500,1.0,0.0,3,2,5,1,10,551,30,13.4937,43.9429,0.423075,8.22196,35.6145,0.371429
rmse,last,9,0.001,70,500,1.0,0.0,3,2,5,1,10,551,31,13.4899,43.9441,0.422868,8.15448,35.5185,0.4
rmse,last,9,0.001,70,500,1.0,0.0,3,2,5,1,10,551,32,13.4779,43.9355,0.422479,8.06137,35.3952,0.414286
rmse,last,9,0.001,70,500,1.0,0.0,3,2,5,1,10,551,33,13.4659,43.9275,0.422375,7.99194,35.284,0.385714
rmse,last,9,0.001,70,500,1.0,0.0,3,2,5,1,10,551,34,13.4561,43.9239,0.422427,7.99724,35.2296,0.414286
rmse,last,9,0.001,70,500,1.0,0.0,3,2,5,1,10,551,35,13.4516,43.9234,0.421882,7.95416,35.1601,0.4
rmse,last,9,0.001,70,500,1.0,0.0,3,2,5,1,10,551,36,13.4558,43.9281,0.422479,7.7726,35.0188,0.414286
rmse,last,9,0.001,70,500,1.0,0.0,3,2,5,1,10,551,37,13.4693,43.9437,0.422738,7.57242,34.8896,0.442857
rmse,last,9,0.001,70,500,1.0,0.0,3,2,5,1,10,551,38,13.4845,43.9605,0.422919,7.43937,34.8204,0.457143
rmse,last,9,0.001,70,500,1.0,0.0,3,2,5,1,10,551,39,13.4717,43.9482,0.422842,7.51643,34.7195,0.414286
rmse,last,9,0.001,70,500,1.0,0.0,3,2,5,1,10,551,40,13.4665,43.946,0.422634,7.51799,34.6786,0.4
rmse,last,9,0.001,70,500,1.0,0.0,3,2,5,1,10,551,41,13.4918,43.9718,0.423179,7.20294,34.5333,0.471429
rmse,last,9,0.001,70,500,1.0,0.0,3,2,5,1,10,551,42,13.495,43.9751,0.423827,7.12427,34.5074,0.471429
rmse,last,9,0.001,70,500,1.0,0.0,3,2,5,1,10,551,43,13.4611,43.9515,0.422893,7.3495,34.4678,0.4
rmse,last,9,0.001,70,500,1.0,0.0,3,2,5,1,10,551,44,13.4837,43.9695,0.423386,7.09271,34.2877,0.485714
rmse,last,9,0.001,70,500,1.0,0.0,3,2,5,1,10,551,45,13.5035,43.9883,0.424423,6.96908,34.2254,0.485714
rmse,last,9,0.001,70,500,1.0,0.0,3,2,5,1,10,551,46,13.5022,43.9887,0.42419,6.96562,34.1045,0.471429
rmse,last,9,0.001,70,500,1.0,0.0,3,2,5,1,10,551,47,13.5007,43.9871,0.424527,6.98018,34.0457,0.442857
rmse,last,9,0.001,70,500,1.0,0.0,3,2,5,1,10,551,48,13.5047,43.9913,0.425175,6.84316,33.9495,0.471429
rmse,last,9,0.001,70,500,1.0,0.0,3,2,5,1,10,551,49,13.5129,43.998,0.42559,6.73392,33.9271,0.528571
rmse,last,9,0.001,70,500,1.0,0.0,3,2,5,1,10,551,50,13.5166,44.0039,0.425694,6.61886,33.8074,0.485714
rmse,last,9,0.001,70,500,1.0,0.0,3,2,5,1,10,551,-1,13.5479,44.0295,0.42629,13.5576,42.3552,0.385714
rmse,last,9,0.001,70,500,1.0,0.0,3,2,5,1,10,551,51,13.5237,44.0127,0.424916,6.52939,33.7258,0.485714
rmse,last,9,0.001,70,500,1.0,0.0,3,2,5,1,10,551,52,13.5377,44.027,0.425797,6.32995,33.6033,0.514286
rmse,last,9,0.001,70,500,1.0,0.0,3,2,5,1,10,551,53,13.5502,44.0366,0.425694,6.17145,33.5384,0.514286
rmse,last,9,0.001,70,500,1.0,0.0,3,2,5,1,10,551,54,13.4955,44.0128,0.424345,7.36384,34.459,0.357143
rmse,last,9,0.001,70,500,1.0,0.0,3,2,5,1,10,551,55,13.5196,44.0366,0.424371,7.30673,34.4464,0.357143
rmse,last,9,0.001,70,500,1.0,0.0,3,2,5,1,10,551,56,13.5312,44.0463,0.424216,7.05049,34.2211,0.4
rmse,last,9,0.001,70,500,1.0,0.0,3,2,5,1,10,551,57,13.5311,44.0543,0.423931,6.4021,33.5989,0.442857
rmse,last,9,0.001,70,500,1.0,0.0,3,2,5,1,10,551,58,13.5722,44.0806,0.424371,5.99773,33.6881,0.5
rmse,last,9,0.001,70,500,1.0,0.0,3,2,5,1,10,551,59,13.5785,44.0953,0.424268,6.28893,33.8945,0.442857
rmse,last,9,0.001,70,500,1.0,0.0,3,2,5,1,10,551,60,13.5751,44.1074,0.422816,6.53182,33.6995,0.4
rmse,last,9,0.001,70,500,1.0,0.0,3,2,5,1,10,551,61,13.5844,44.1153,0.423671,5.8802,33.1831,0.471429
rmse,last,9,0.001,70,500,1.0,0.0,3,2,5,1,10,551,62,13.585,44.1187,0.423619,6.0915,33.5233,0.471429
rmse,last,9,0.001,70,500,1.0,0.0,3,2,5,1,10,551,63,13.6005,44.1308,0.423931,6.12392,33.2679,0.4
rmse,last,9,0.001,70,500,1.0,0.0,3,2,5,1,10,551,64,13.6181,44.1473,0.422323,6.39423,33.357,0.371429
rmse,last,9,0.001,70,500,1.0,0.0,3,2,5,1,10,551,65,13.6361,44.1635,0.423956,5.82164,32.9606,0.428571
rmse,last,9,0.001,70,500,1.0,0.0,3,2,5,1,10,551,66,13.6418,44.1706,0.424994,5.63064,33.1399,0.514286
rmse,last,9,0.001,70,500,1.0,0.0,3,2,5,1,10,551,67,13.6612,44.1867,0.42476,5.58794,32.9136,0.471429
rmse,last,9,0.001,70,500,1.0,0.0,3,2,5,1,10,551,68,13.6749,44.1988,0.424319,5.80101,32.9317,0.442857
rmse,last,9,0.001,70,500,1.0,0.0,3,2,5,1,10,551,69,13.6799,44.2035,0.424968,5.60039,32.7203,0.471429
rmse,last,9,0.001,70,500,1.0,0.0,3,2,5,1,10,551,70,13.6824,44.2082,0.424786,5.54579,32.7908,0.5
rmse,last,9,0.001,70,500,1.0,0.0,3,2,5,1,10,551,71,13.6924,44.2174,0.425071,5.51779,32.707,0.5
rmse,last,9,0.001,70,500,1.0,0.0,3,2,5,1,10,551,72,13.7039,44.2282,0.424216,5.54323,32.6144,0.471429
rmse,last,9,0.001,70,500,1.0,0.0,3,2,5,1,10,551,73,13.7147,44.2405,0.424423,5.45318,32.5585,0.485714
rmse,last,9,0.001,70,500,1.0,0.0,3,2,5,1,10,551,74,13.7193,44.2486,0.425771,5.22899,32.4926,0.514286
rmse,last,9,0.001,70,500,1.0,0.0,3,2,5,1,10,551,75,13.7248,44.2561,0.425382,5.18478,32.4939,0.528571
rmse,last,9,0.001,70,500,1.0,0.0,3,2,5,1,10,551,76,13.7349,44.2651,0.425149,5.25607,32.3693,0.5
rmse,last,9,0.001,70,500,1.0,0.0,3,2,5,1,10,551,77,13.737,44.2689,0.424527,5.30313,32.3604,0.471429
rmse,last,9,0.001,70,500,1.0,0.0,3,2,5,1,10,551,78,13.7368,44.2741,0.425305,5.17022,32.2847,0.514286
rmse,last,9,0.001,70,500,1.0,0.0,3,2,5,1,10,551,79,13.7409,44.282,0.425512,5.12815,32.2785,0.528571
rmse,last,9,0.001,70,500,1.0,0.0,3,2,5,1,10,551,80,13.7499,44.29,0.425071,5.09773,32.1607,0.5
rmse,last,9,0.001,70,500,1.0,0.0,3,2,5,1,10,551,81,13.7587,44.3002,0.424345,5.10242,32.1578,0.528571
rmse,last,9,0.001,70,500,1.0,0.0,3,2,5,1,10,551,82,13.7642,44.3086,0.424682,4.93768,32.145,0.557143
rmse,last,9,0.001,70,500,1.0,0.0,3,2,5,1,10,551,83,13.7666,44.3151,0.424397,4.93937,32.0203,0.557143
rmse,last,9,0.001,70,500,1.0,0.0,3,2,5,1,10,551,84,13.7633,44.3174,0.424138,5.03646,32.0345,0.514286
rmse,last,9,0.001,70,500,1.0,0.0,3,2,5,1,10,551,85,13.7723,44.3295,0.424994,4.88655,31.9637,0.542857
rmse,last,9,0.001,70,500,1.0,0.0,3,2,5,1,10,551,86,13.779,44.3387,0.424916,4.84245,31.912,0.557143
rmse,last,9,0.001,70,500,1.0,0.0,3,2,5,1,10,551,87,13.7839,44.3441,0.424423,4.91805,31.8661,0.528571
rmse,last,9,0.001,70,500,1.0,0.0,3,2,5,1,10,551,88,13.7904,44.3533,0.424371,4.85278,31.8053,0.542857
rmse,last,9,0.001,70,500,1.0,0.0,3,2,5,1,10,551,89,13.7921,44.3594,0.424242,4.76619,31.7699,0.542857
rmse,last,9,0.001,70,500,1.0,0.0,3,2,5,1,10,551,90,13.7913,44.3605,0.424682,4.78014,31.6908,0.528571
rmse,last,9,0.001,70,500,1.0,0.0,3,2,5,1,10,551,91,13.7887,44.3623,0.424345,4.81828,31.6848,0.528571
rmse,last,9,0.001,70,500,1.0,0.0,3,2,5,1,10,551,92,13.7976,44.3763,0.424553,4.69284,31.7338,0.571429
rmse,last,9,0.001,70,500,1.0,0.0,3,2,5,1,10,551,93,13.8021,44.3799,0.424345,4.72453,31.5732,0.528571
rmse,last,9,0.001,70,500,1.0,0.0,3,2,5,1,10,551,94,13.7899,44.3771,0.424138,5.23649,32.0057,0.514286
rmse,last,9,0.001,70,500,1.0,0.0,3,2,5,1,10,551,95,13.7861,44.4033,0.422064,6.64579,34.9588,0.585714
rmse,last,9,0.001,70,500,1.0,0.0,3,2,5,1,10,551,96,13.8013,44.4096,0.42419,4.84418,32.1632,0.614286
rmse,last,9,0.001,70,500,1.0,0.0,3,2,5,1,10,551,97,13.7955,44.3959,0.423205,6.39832,33.4125,0.414286
rmse,last,9,0.001,70,500,1.0,0.0,3,2,5,1,10,551,98,13.798,44.4025,0.42336,5.96666,32.9434,0.428571
rmse,last,9,0.001,70,500,1.0,0.0,3,2,5,1,10,551,99,13.8001,44.42,0.42323,5.25433,32.6476,0.628571
rmse,last,9,0.001,70,500,1.0,0.0,3,2,5,1,10,551,100,13.7913,44.4248,0.42266,6.13823,33.8118,0.6
rmse,last,9,0.001,70,500,1.0,0.0,3,2,5,1,10,551,-1,13.8069,44.3917,0.425097,12.8207,42.1235,0.4
rmse,last,9,0.001,70,500,1.0,0.0,3,2,5,1,10,551,101,13.8072,44.4188,0.42419,4.76627,31.5468,0.542857
rmse,last,9,0.001,70,500,1.0,0.0,3,2,5,1,10,551,102,13.8106,44.4195,0.422038,6.6072,33.6001,0.414286
rmse,last,9,0.001,70,500,1.0,0.0,3,2,5,1,10,551,103,13.8131,44.4247,0.423619,5.52319,32.3629,0.485714
rmse,last,9,0.001,70,500,1.0,0.0,3,2,5,1,10,551,104,13.8022,44.4337,0.423308,4.87811,32.4881,0.628571
rmse,last,9,0.001,70,500,1.0,0.0,3,2,5,1,10,551,105,13.8042,44.432,0.423775,4.80552,32.2754,0.614286
rmse,last,9,0.001,70,500,1.0,0.0,3,2,5,1,10,551,106,13.8179,44.4184,0.424371,4.87733,31.6405,0.5
rmse,last,9,0.001,70,500,1.0,0.0,3,2,5,1,10,551,107,13.8297,44.4242,0.423386,5.89328,32.6683,0.428571
rmse,last,9,0.001,70,500,1.0,0.0,3,2,5,1,10,551,108,13.8086,44.4232,0.424656,4.50796,31.3791,0.614286
rmse,last,9,0.001,70,500,1.0,0.0,3,2,5,1,10,551,109,13.8,44.434,0.423075,4.74964,32.3769,0.614286
rmse,last,9,0.001,70,500,1.0,0.0,3,2,5,1,10,551,110,13.8037,44.4261,0.424501,4.45438,31.3459,0.6
rmse,last,9,0.001,70,500,1.0,0.0,3,2,5,1,10,551,111,13.8031,44.4204,0.423386,5.30286,31.9977,0.485714
rmse,last,9,0.001,70,500,1.0,0.0,3,2,5,1,10,551,112,13.7952,44.413,0.422971,4.74351,31.3964,0.528571
rmse,last,9,0.001,70,500,1.0,0.0,3,2,5,1,10,551,113,13.7883,44.4164,0.423282,4.64482,31.6252,0.614286
rmse,last,9,0.001,70,500,1.0,0.0,3,2,5,1,10,551,114,13.7869,44.418,0.422686,4.68246,31.7268,0.642857
rmse,last,9,0.001,70,500,1.0,0.0,3,2,5,1,10,551,115,13.7946,44.416,0.422582,4.52065,31.2084,0.571429
rmse,last,9,0.001,70,500,1.0,0.0,3,2,5,1,10,551,116,13.8047,44.423,0.423075,5.07511,31.6771,0.485714
rmse,last,9,0.001,70,500,1.0,0.0,3,2,5,1,10,551,117,13.805,44.4292,0.423697,4.46028,31.1352,0.571429
rmse,last,9,0.001,70,500,1.0,0.0,3,2,5,1,10,551,118,13.7977,44.4323,0.42323,4.41787,31.5495,0.642857
rmse,last,9,0.001,70,500,1.0,0.0,3,2,5,1,10,551,119,13.8049,44.4314,0.423801,4.39588,31.1192,0.614286
rmse,last,9,0.001,70,500,1.0,0.0,3,2,5,1,10,551,120,13.8137,44.4272,0.422997,4.71976,31.2482,0.514286
rmse,last,9,0.001,70,500,1.0,0.0,3,2,5,1,10,551,121,13.8131,44.4278,0.422868,4.61102,31.1474,0.528571
rmse,last,9,0.001,70,500,1.0,0.0,3,2,5,1,10,551,122,13.8113,44.4362,0.42336,4.44946,31.0905,0.614286
rmse,last,9,0.001,70,500,1.0,0.0,3,2,5,1,10,551,123,13.816,44.4456,0.423542,4.44097,31.1345,0.614286
rmse,last,9,0.001,70,500,1.0,0.0,3,2,5,1,10,551,124,13.8265,44.4501,0.423775,4.4125,30.9672,0.6
rmse,last,9,0.001,70,500,1.0,0.0,3,2,5,1,10,551,125,13.8372,44.4565,0.423671,4.65211,31.1213,0.557143
rmse,last,9,0.001,70,500,1.0,0.0,3,2,5,1,10,551,126,13.8374,44.4605,0.423464,4.42628,30.9366,0.6
rmse,last,9,0.001,70,500,1.0,0.0,3,2,5,1,10,551,127,13.836,44.4647,0.423645,4.39198,30.9974,0.614286
rmse,last,9,0.001,70,500,1.0,0.0,3,2,5,1,10,551,128,13.8386,44.4646,0.423905,4.3987,30.9169,0.614286
rmse,last,9,0.001,70,500,1.0,0.0,3,2,5,1,10,551,129,13.8438,44.4626,0.423256,4.4849,30.8834,0.557143
rmse,last,9,0.001,70,500,1.0,0.0,3,2,5,1,10,551,130,13.8478,44.465,0.423334,4.52313,30.9003,0.557143
rmse,last,9,0.001,70,500,1.0,0.0,3,2,5,1,10,551,131,13.8502,44.4729,0.423775,4.39926,30.8169,0.6
rmse,last,9,0.001,70,500,1.0,0.0,3,2,5,1,10,551,132,13.8549,44.4813,0.42406,4.38311,30.8526,0.614286
rmse,last,9,0.001,70,500,1.0,0.0,3,2,5,1,10,551,133,13.863,44.4854,0.423697,4.37269,30.764,0.6
rmse,last,9,0.001,70,500,1.0,0.0,3,2,5,1,10,551,134,13.8719,44.4899,0.423905,4.49058,30.8096,0.571429
rmse,last,9,0.001,70,500,1.0,0.0,3,2,5,1,10,551,135,13.8726,44.4943,0.423671,4.38993,30.7285,0.585714
rmse,last,9,0.001,70,500,1.0,0.0,3,2,5,1,10,551,136,13.8709,44.4982,0.423956,4.34733,30.7424,0.614286
rmse,last,9,0.001,70,500,1.0,0.0,3,2,5,1,10,551,137,13.8722,44.499,0.423516,4.35849,30.6962,0.614286
rmse,last,9,0.001,70,500,1.0,0.0,3,2,5,1,10,551,138,13.8755,44.4987,0.423801,4.42447,30.6869,0.585714
rmse,last,9,0.001,70,500,1.0,0.0,3,2,5,1,10,551,139,13.8774,44.502,0.423593,4.41907,30.6669,0.585714
rmse,last,9,0.001,70,500,1.0,0.0,3,2,5,1,10,551,140,13.8785,44.5088,0.423568,4.35859,30.6398,0.614286
rmse,last,9,0.001,70,500,1.0,0.0,3,2,5,1,10,551,141,13.8817,44.514,0.42349,4.3486,30.6335,0.614286
rmse,last,9,0.001,70,500,1.0,0.0,3,2,5,1,10,551,142,13.8874,44.5169,0.423179,4.38274,30.5979,0.585714
rmse,last,9,0.001,70,500,1.0,0.0,3,2,5,1,10,551,143,13.891,44.52,0.423593,4.41417,30.6001,0.585714
rmse,last,9,0.001,70,500,1.0,0.0,3,2,5,1,10,551,144,13.8904,44.5234,0.423205,4.35162,30.5632,0.6
rmse,last,9,0.001,70,500,1.0,0.0,3,2,5,1,10,551,145,13.8909,44.5258,0.423438,4.34957,30.5604,0.614286
rmse,last,9,0.001,70,500,1.0,0.0,3,2,5,1,10,551,146,13.8946,44.5268,0.423179,4.37115,30.5337,0.6
rmse,last,9,0.001,70,500,1.0,0.0,3,2,5,1,10,551,147,13.8983,44.5298,0.423075,4.38695,30.531,0.585714
rmse,last,9,0.001,70,500,1.0,0.0,3,2,5,1,10,551,148,13.9004,44.5352,0.422945,4.34889,30.4993,0.6
rmse,last,9,0.001,70,500,1.0,0.0,3,2,5,1,10,551,149,13.904,44.5403,0.422764,4.33475,30.4957,0.614286
rmse,last,9,0.001,70,500,1.0,0.0,3,2,5,1,10,551,150,13.9092,44.5434,0.422816,4.3523,30.4697,0.585714
rmse,last,9,0.001,70,500,1.0,0.0,3,2,5,1,10,551,-1,13.9435,44.5347,0.422919,13.0818,42.6878,0.385714
rmse,last,9,0.001,70,500,1.0,0.0,3,2,5,1,10,551,151,13.9124,44.546,0.422997,4.36547,30.4629,0.585714
rmse,last,9,0.001,70,500,1.0,0.0,3,2,5,1,10,551,152,13.9129,44.5492,0.422919,4.32983,30.4386,0.614286
rmse,last,9,0.001,70,500,1.0,0.0,3,2,5,1,10,551,153,13.9145,44.5519,0.422945,4.32361,30.4313,0.614286
rmse,last,9,0.001,70,500,1.0,0.0,3,2,5,1,10,551,154,13.918,44.5536,0.422686,4.33344,30.4091,0.6
rmse,last,9,0.001,70,500,1.0,0.0,3,2,5,1,10,551,155,13.9214,44.5562,0.422712,4.34212,30.4007,0.585714
rmse,last,9,0.001,70,500,1.0,0.0,3,2,5,1,10,551,156,13.924,44.5608,0.422997,4.31312,30.379,0.614286
rmse,last,9,0.001,70,500,1.0,0.0,3,2,5,1,10,551,157,13.9268,44.5647,0.422816,4.30113,30.371,0.614286
rmse,last,9,0.001,70,500,1.0,0.0,3,2,5,1,10,551,158,13.9304,44.5668,0.42253,4.31215,30.3514,0.614286
rmse,last,9,0.001,70,500,1.0,0.0,3,2,5,1,10,551,159,13.9327,44.5685,0.422868,4.32029,30.3416,0.614286
rmse,last,9,0.001,70,500,1.0,0.0,3,2,5,1,10,551,160,13.9333,44.5713,0.422556,4.29904,30.3232,0.614286
rmse,last,9,0.001,70,500,1.0,0.0,3,2,5,1,10,551,161,13.9346,44.5736,0.422712,4.29481,30.3126,0.614286
rmse,last,9,0.001,70,500,1.0,0.0,3,2,5,1,10,551,162,13.9373,44.5752,0.422738,4.30408,30.2955,0.614286
rmse,last,9,0.001,70,500,1.0,0.0,3,2,5,1,10,551,163,13.94,44.5777,0.422868,4.30692,30.2837,0.614286
rmse,last,9,0.001,70,500,1.0,0.0,3,2,5,1,10,551,164,13.9417,44.5811,0.42279,4.29018,30.268,0.6
rmse,last,9,0.001,70,500,1.0,0.0,3,2,5,1,10,551,165,13.944,44.5839,0.422764,4.28609,30.256,0.6
rmse,last,9,0.001,70,500,1.0,0.0,3,2,5,1,10,551,166,13.9468,44.5856,0.422634,4.29551,30.2414,0.6
rmse,last,9,0.001,70,500,1.0,0.0,3,2,5,1,10,551,167,13.9484,44.5873,0.422816,4.29476,30.2283,0.6
rmse,last,9,0.001,70,500,1.0,0.0,3,2,5,1,10,551,168,13.9496,44.5898,0.422608,4.28362,30.2149,0.6
rmse,last,9,0.001,70,500,1.0,0.0,3,2,5,1,10,551,169,13.9517,44.592,0.42253,4.28195,30.2018,0.6
rmse,last,9,0.001,70,500,1.0,0.0,3,2,5,1,10,551,170,13.9547,44.594,0.422427,4.2869,30.1889,0.6
rmse,last,9,0.001,70,500,1.0,0.0,3,2,5,1,10,551,171,13.9571,44.5966,0.422219,4.28164,30.1752,0.6
rmse,last,9,0.001,70,500,1.0,0.0,3,2,5,1,10,551,172,13.959,44.5995,0.422142,4.27121,30.1631,0.6
rmse,last,9,0.001,70,500,1.0,0.0,3,2,5,1,10,551,173,13.9613,44.6015,0.421986,4.27008,30.1491,0.6
rmse,last,9,0.001,70,500,1.0,0.0,3,2,5,1,10,551,174,13.9633,44.6029,0.422271,4.27379,30.1372,0.6
rmse,last,9,0.001,70,500,1.0,0.0,3,2,5,1,10,551,175,13.965,44.605,0.422167,4.26691,30.1232,0.6
rmse,last,9,0.001,70,500,1.0,0.0,3,2,5,1,10,551,176,13.9666,44.6072,0.422064,4.26027,30.1116,0.6
rmse,last,9,0.001,70,500,1.0,0.0,3,2,5,1,10,551,177,13.9689,44.609,0.421882,4.25981,30.0979,0.6
rmse,last,9,0.001,70,500,1.0,0.0,3,2,5,1,10,551,178,13.9718,44.6112,0.42183,4.25989,30.086,0.6
rmse,last,9,0.001,70,500,1.0,0.0,3,2,5,1,10,551,179,13.9739,44.6138,0.421882,4.25176,30.0727,0.6
rmse,last,9,0.001,70,500,1.0,0.0,3,2,5,1,10,551,180,13.976,44.616,0.421727,4.24679,30.0607,0.585714
rmse,last,9,0.001,70,500,1.0,0.0,3,2,5,1,10,551,181,13.9782,44.6176,0.421442,4.24809,30.0477,0.6
rmse,last,9,0.001,70,500,1.0,0.0,3,2,5,1,10,551,182,13.9802,44.6192,0.421545,4.24694,30.0354,0.6
rmse,last,9,0.001,70,500,1.0,0.0,3,2,5,1,10,551,183,13.9817,44.6213,0.421338,4.241,30.0228,0.585714
rmse,last,9,0.001,70,500,1.0,0.0,3,2,5,1,10,551,184,13.9836,44.6231,0.42126,4.23872,30.0102,0.585714
rmse,last,9,0.001,70,500,1.0,0.0,3,2,5,1,10,551,185,13.9859,44.6247,0.421545,4.23942,29.9977,0.585714
rmse,last,9,0.001,70,500,1.0,0.0,3,2,5,1,10,551,186,13.9879,44.6267,0.421467,4.2359,29.985,0.585714
rmse,last,9,0.001,70,500,1.0,0.0,3,2,5,1,10,551,187,13.9896,44.6288,0.421338,4.2309,29.9728,0.585714
rmse,last,9,0.001,70,500,1.0,0.0,3,2,5,1,10,551,188,13.9915,44.6302,0.421364,4.23009,29.96,0.585714
rmse,last,9,0.001,70,500,1.0,0.0,3,2,5,1,10,551,189,13.9933,44.6316,0.421338,4.2302,29.9478,0.585714
rmse,last,9,0.001,70,500,1.0,0.0,3,2,5,1,10,551,190,13.9949,44.6332,0.421364,4.22601,29.9351,0.585714
rmse,last,9,0.001,70,500,1.0,0.0,3,2,5,1,10,551,191,13.9966,44.6349,0.421234,4.22259,29.923,0.585714
rmse,last,9,0.001,70,500,1.0,0.0,3,2,5,1,10,551,192,13.9986,44.6364,0.421234,4.22187,29.9105,0.585714
rmse,last,9,0.001,70,500,1.0,0.0,3,2,5,1,10,551,193,14.0005,44.6379,0.421286,4.2194,29.8985,0.585714
rmse,last,9,0.001,70,500,1.0,0.0,3,2,5,1,10,551,194,14.0022,44.6398,0.421001,4.21459,29.8866,0.585714
rmse,last,9,0.001,70,500,1.0,0.0,3,2,5,1,10,551,195,14.0037,44.6408,0.421182,4.21265,29.8748,0.585714
rmse,last,9,0.001,70,500,1.0,0.0,3,2,5,1,10,551,196,14.0056,44.6422,0.421104,4.21176,29.8634,0.585714
rmse,last,9,0.001,70,500,1.0,0.0,3,2,5,1,10,551,197,14.007,44.6437,0.421208,4.20743,29.8519,0.585714
rmse,last,9,0.001,70,500,1.0,0.0,3,2,5,1,10,551,198,14.0087,44.6451,0.421208,4.20372,29.8408,0.585714
rmse,last,9,0.001,70,500,1.0,0.0,3,2,5,1,10,551,199,14.0107,44.6465,0.421364,4.20175,29.8296,0.585714
rmse,last,9,0.001,70,500,1.0,0.0,3,2,5,1,10,551,200,14.0126,44.648,0.421338,4.19705,29.8184,0.585714
rmse,last,9,0.001,70,500,1.0,0.0,3,2,5,1,10,551,-1,14.0432,44.6299,0.42069,14.1777,43.5984,0.357143
rmse,last,9,0.001,70,500,1.0,0.0,3,2,5,1,10,551,201,14.0142,44.6495,0.421416,4.1917,29.8074,0.585714
rmse,last,9,0.001,70,500,1.0,0.0,3,2,5,1,10,551,202,14.0164,44.651,0.421156,4.18874,29.7962,0.585714
rmse,last,9,0.001,70,500,1.0,0.0,3,2,5,1,10,551,203,14.0183,44.6524,0.421156,4.18442,29.785,0.585714
rmse,last,9,0.001,70,500,1.0,0.0,3,2,5,1,10,551,204,14.0199,44.6538,0.420975,4.17902,29.774,0.585714
rmse,last,9,0.001,70,500,1.0,0.0,3,2,5,1,10,551,205,14.022,44.6552,0.421079,4.17551,29.7629,0.585714
rmse,last,9,0.001,70,500,1.0,0.0,3,2,5,1,10,551,206,14.0239,44.6565,0.420897,4.17162,29.7519,0.585714
rmse,last,9,0.001,70,500,1.0,0.0,3,2,5,1,10,551,207,14.0258,44.6582,0.420819,4.16663,29.741,0.585714
rmse,last,9,0.001,70,500,1.0,0.0,3,2,5,1,10,551,208,14.0274,44.6593,0.420716,4.16342,29.7302,0.585714
rmse,last,9,0.001,70,500,1.0,0.0,3,2,5,1,10,551,209,14.0293,44.6606,0.420819,4.16075,29.7194,0.571429
rmse,last,9,0.001,70,500,1.0,0.0,3,2,5,1,10,551,210,14.0308,44.6619,0.420793,4.15719,29.7086,0.571429
rmse,last,9,0.001,70,500,1.0,0.0,3,2,5,1,10,551,211,14.0323,44.6629,0.420845,4.15461,29.6979,0.571429
rmse,last,9,0.001,70,500,1.0,0.0,3,2,5,1,10,551,212,14.0339,44.6639,0.420845,4.15249,29.6872,0.571429
rmse,last,9,0.001,70,500,1.0,0.0,3,2,5,1,10,551,213,14.0355,44.6652,0.420923,4.14934,29.6764,0.571429
rmse,last,9,0.001,70,500,1.0,0.0,3,2,5,1,10,551,214,14.0371,44.6663,0.420716,4.14663,29.6657,0.571429
rmse,last,9,0.001,70,500,1.0,0.0,3,2,5,1,10,551,215,14.0386,44.6671,0.420845,4.14462,29.655,0.571429
rmse,last,9,0.001,70,500,1.0,0.0,3,2,5,1,10,551,216,14.0403,44.6683,0.420767,4.14188,29.6443,0.571429
rmse,last,9,0.001,70,500,1.0,0.0,3,2,5,1,10,551,217,14.0418,44.6694,0.420534,4.13926,29.6336,0.571429
rmse,last,9,0.001,70,500,1.0,0.0,3,2,5,1,10,551,218,14.0434,44.6704,0.420379,4.13707,29.623,0.571429
rmse,last,9,0.001,70,500,1.0,0.0,3,2,5,1,10,551,219,14.0449,44.6712,0.420275,4.13401,29.6123,0.571429
rmse,last,9,0.001,70,500,1.0,0.0,3,2,5,1,10,551,220,14.0468,44.6726,0.420249,4.13078,29.6018,0.571429
rmse,last,9,0.001,70,500,1.0,0.0,3,2,5,1,10,551,221,14.0486,44.6736,0.420223,4.12804,29.5912,0.571429
rmse,last,9,0.001,70,500,1.0,0.0,3,2,5,1,10,551,222,14.0503,44.6748,0.420171,4.12478,29.5806,0.571429
rmse,last,9,0.001,70,500,1.0,0.0,3,2,5,1,10,551,223,14.052,44.6759,0.420119,4.12154,29.57,0.585714
rmse,last,9,0.001,70,500,1.0,0.0,3,2,5,1,10,551,224,14.0536,44.6768,0.420067,4.11872,29.5594,0.585714
rmse,last,9,0.001,70,500,1.0,0.0,3,2,5,1,10,551,225,14.0551,44.6777,0.420016,4.1153,29.5488,0.585714
rmse,last,9,0.001,70,500,1.0,0.0,3,2,5,1,10,551,226,14.0569,44.679,0.419886,4.11181,29.5382,0.585714
rmse,last,9,0.001,70,500,1.0,0.0,3,2,5,1,10,551,227,14.0587,44.6801,0.419964,4.10864,29.5277,0.585714
rmse,last,9,0.001,70,500,1.0,0.0,3,2,5,1,10,551,228,14.0604,44.6812,0.419834,4.10513,29.5171,0.585714
rmse,last,9,0.001,70,500,1.0,0.0,3,2,5,1,10,551,229,14.062,44.6823,0.419886,4.10181,29.5065,0.585714
rmse,last,9,0.001,70,500,1.0,0.0,3,2,5,1,10,551,230,14.0636,44.6832,0.41986,4.09874,29.4959,0.585714
rmse,last,9,0.001,70,500,1.0,0.0,3,2,5,1,10,551,231,14.0653,44.6843,0.419834,4.09526,29.4854,0.585714
rmse,last,9,0.001,70,500,1.0,0.0,3,2,5,1,10,551,232,14.0671,44.6855,0.419653,4.09183,29.4748,0.585714
rmse,last,9,0.001,70,500,1.0,0.0,3,2,5,1,10,551,233,14.0686,44.6863,0.419445,4.08848,29.4642,0.585714
rmse,last,9,0.001,70,500,1.0,0.0,3,2,5,1,10,551,234,14.0707,44.6878,0.41916,4.08491,29.4537,0.585714
rmse,last,9,0.001,70,500,1.0,0.0,3,2,5,1,10,551,235,14.0725,44.6889,0.419082,4.0817,29.4431,0.585714
rmse,last,9,0.001,70,500,1.0,0.0,3,2,5,1,10,551,236,14.0743,44.6899,0.419056,4.07856,29.4325,0.585714
rmse,last,9,0.001,70,500,1.0,0.0,3,2,5,1,10,551,237,14.0762,44.6911,0.418953,4.07528,29.4219,0.585714
rmse,last,9,0.001,70,500,1.0,0.0,3,2,5,1,10,551,238,14.0781,44.6923,0.418667,4.07226,29.4112,0.585714
rmse,last,9,0.001,70,500,1.0,0.0,3,2,5,1,10,551,239,14.08,44.6935,0.418667,4.06908,29.4006,0.585714
rmse,last,9,0.001,70,500,1.0,0.0,3,2,5,1,10,551,240,14.0819,44.6948,0.418693,4.06603,29.3899,0.585714
rmse,last,9,0.001,70,500,1.0,0.0,3,2,5,1,10,551,241,14.0837,44.6959,0.418641,4.06322,29.3791,0.585714
rmse,last,9,0.001,70,500,1.0,0.0,3,2,5,1,10,551,242,14.0855,44.6971,0.418564,4.0602,29.3684,0.585714
rmse,last,9,0.001,70,500,1.0,0.0,3,2,5,1,10,551,243,14.0876,44.6984,0.41859,4.05737,29.3576,0.585714
rmse,last,9,0.001,70,500,1.0,0.0,3,2,5,1,10,551,244,14.0894,44.6996,0.418615,4.05421,29.3467,0.585714
rmse,last,9,0.001,70,500,1.0,0.0,3,2,5,1,10,551,245,14.0917,44.7011,0.418719,4.05111,29.3358,0.585714
rmse,last,9,0.001,70,500,1.0,0.0,3,2,5,1,10,551,246,14.0937,44.7024,0.418719,4.04802,29.3249,0.585714
rmse,last,9,0.001,70,500,1.0,0.0,3,2,5,1,10,551,247,14.0959,44.7038,0.41859,4.04494,29.3139,0.585714
rmse,last,9,0.001,70,500,1.0,0.0,3,2,5,1,10,551,248,14.0979,44.7051,0.418615,4.04213,29.3028,0.585714
rmse,last,9,0.001,70,500,1.0,0.0,3,2,5,1,10,551,249,14.1,44.7065,0.41859,4.03902,29.2917,0.585714
rmse,last,9,0.001,70,500,1.0,0.0,3,2,5,1,10,551,250,14.1022,44.7078,0.418304,4.03666,29.2806,0.585714
rmse,last,9,0.001,70,500,1.0,0.0,3,2,5,1,10,551,-1,14.1427,44.7152,0.418538,14.2195,43.7908,0.357143
rmse,last,9,0.001,70,500,1.0,0.0,3,2,5,1,10,551,251,14.1047,44.7095,0.418201,4.03313,29.2694,0.585714
rmse,last,9,0.001,70,500,1.0,0.0,3,2,5,1,10,551,252,14.1057,44.7097,0.417915,4.03302,29.2588,0.585714
rmse,last,9,0.001,70,500,1.0,0.0,3,2,5,1,10,551,253,14.1108,44.7145,0.41833,4.02643,29.2518,0.585714
rmse,last,9,0.001,70,500,1.0,0.0,3,2,5,1,10,551,254,14.1051,44.7064,0.417993,4.06769,29.2829,0.571429
rmse,last,9,0.001,70,500,1.0,0.0,3,2,5,1,10,551,255,14.1135,44.7209,0.418278,4.05388,29.2973,0.585714
rmse,last,9,0.001,70,500,1.0,0.0,3,2,5,1,10,551,256,14.1084,44.6977,0.418667,4.6528,29.9433,0.5
rmse,last,9,0.001,70,500,1.0,0.0,3,2,5,1,10,551,257,14.085,44.7111,0.418693,4.41535,29.8022,0.571429
rmse,last,9,0.001,70,500,1.0,0.0,3,2,5,1,10,551,258,14.0994,44.7203,0.418538,4.24179,29.3899,0.571429
rmse,last,9,0.001,70,500,1.0,0.0,3,2,5,1,10,551,259,14.1345,44.7261,0.418434,4.76392,29.901,0.528571
rmse,last,9,0.001,70,500,1.0,0.0,3,2,5,1,10,551,260,14.1224,44.7498,0.417838,4.12682,30.3168,0.6
rmse,last,9,0.001,70,500,1.0,0.0,3,2,5,1,10,551,261,14.1364,44.7193,0.418175,4.99664,30.3603,0.471429
rmse,last,9,0.001,70,500,1.0,0.0,3,2,5,1,10,551,262,14.1153,44.7261,0.41859,4.71018,29.9178,0.528571
rmse,last,9,0.001,70,500,1.0,0.0,3,2,5,1,10,551,263,14.1013,44.7359,0.419497,4.56281,29.9836,0.571429
rmse,last,9,0.001,70,500,1.0,0.0,3,2,5,1,10,551,264,14.142,44.7463,0.418538,4.30914,29.4022,0.528571
rmse,last,9,0.001,70,500,1.0,0.0,3,2,5,1,10,551,265,14.166,44.7635,0.417993,4.57716,29.8943,0.528571
rmse,last,9,0.001,70,500,1.0,0.0,3,2,5,1,10,551,266,14.12,44.7598,0.417423,4.21929,30.769,0.585714
rmse,last,9,0.001,70,500,1.0,0.0,3,2,5,1,10,551,267,14.1447,44.7527,0.418045,4.19667,29.2702,0.571429
rmse,last,9,0.001,70,500,1.0,0.0,3,2,5,1,10,551,268,14.1419,44.7272,0.417708,5.01661,30.157,0.5
rmse,last,9,0.001,70,500,1.0,0.0,3,2,5,1,10,551,269,14.1192,44.7409,0.418667,4.5629,29.7767,0.557143
rmse,last,9,0.001,70,500,1.0,0.0,3,2,5,1,10,551,270,14.1279,44.7514,0.417838,4.59634,30.0166,0.585714
rmse,last,9,0.001,70,500,1.0,0.0,3,2,5,1,10,551,271,14.1348,44.7408,0.418019,4.2636,29.3229,0.542857
rmse,last,9,0.001,70,500,1.0,0.0,3,2,5,1,10,551,272,14.1639,44.7441,0.417449,4.87929,30.3621,0.514286
rmse,last,9,0.001,70,500,1.0,0.0,3,2,5,1,10,551,273,14.146,44.762,0.416982,4.07572,30.0039,0.6
rmse,last,9,0.001,70,500,1.0,0.0,3,2,5,1,10,551,274,14.1406,44.7575,0.416878,4.23062,30.2515,0.6
rmse,last,9,0.001,70,500,1.0,0.0,3,2,5,1,10,551,275,14.1361,44.7363,0.418019,4.15842,29.4212,0.528571
rmse,last,9,0.001,70,500,1.0,0.0,3,2,5,1,10,551,276,14.1234,44.7187,0.417501,4.38812,29.6715,0.514286
rmse,last,9,0.001,70,500,1.0,0.0,3,2,5,1,10,551,277,14.1098,44.7234,0.417397,4.39153,29.4604,0.542857
rmse,last,9,0.001,70,500,1.0,0.0,3,2,5,1,10,551,278,14.1112,44.7359,0.417423,4.44537,29.6808,0.585714
rmse,last,9,0.001,70,500,1.0,0.0,3,2,5,1,10,551,279,14.122,44.7344,0.418045,4.08833,29.153,0.571429
rmse,last,9,0.001,70,500,1.0,0.0,3,2,5,1,10,551,280,14.1517,44.7376,0.417397,4.20341,29.3667,0.528571
rmse,last,9,0.001,70,500,1.0,0.0,3,2,5,1,10,551,281,14.1584,44.7557,0.417838,3.82334,29.0958,0.585714
rmse,last,9,0.001,70,500,1.0,0.0,3,2,5,1,10,551,282,14.1595,44.7657,0.417604,3.91106,29.3167,0.6
rmse,last,9,0.001,70,500,1.0,0.0,3,2,5,1,10,551,283,14.1392,44.7257,0.417604,4.22943,29.266,0.542857
rmse,last,9,0.001,70,500,1.0,0.0,3,2,5,1,10,551,284,14.1328,44.7192,0.417086,4.3065,29.4082,0.542857
rmse,last,9,0.001,70,500,1.0,0.0,3,2,5,1,10,551,285,14.123,44.7294,0.417112,4.14444,29.1552,0.571429
rmse,last,9,0.001,70,500,1.0,0.0,3,2,5,1,10,551,286,14.1313,44.7467,0.417527,4.19991,29.3248,0.6
rmse,last,9,0.001,70,500,1.0,0.0,3,2,5,1,10,551,287,14.1503,44.7526,0.417345,3.93813,29.0477,0.6
rmse,last,9,0.001,70,500,1.0,0.0,3,2,5,1,10,551,288,14.1719,44.7554,0.41693,4.17983,29.3587,0.542857
rmse,last,9,0.001,70,500,1.0,0.0,3,2,5,1,10,551,289,14.1693,44.7663,0.417604,3.89186,29.0629,0.585714
rmse,last,9,0.001,70,500,1.0,0.0,3,2,5,1,10,551,290,14.1622,44.7672,0.417838,4.01503,29.1762,0.6
rmse,last,9,0.001,70,500,1.0,0.0,3,2,5,1,10,551,291,14.1601,44.7534,0.417008,3.93993,28.9589,0.557143
rmse,last,9,0.001,70,500,1.0,0.0,3,2,5,1,10,551,292,14.1649,44.743,0.416671,4.14459,29.0822,0.528571
rmse,last,9,0.001,70,500,1.0,0.0,3,2,5,1,10,551,293,14.1687,44.7488,0.417449,4.06969,28.9239,0.557143
rmse,last,9,0.001,70,500,1.0,0.0,3,2,5,1,10,551,294,14.1778,44.7646,0.417293,3.94901,28.9069,0.585714
rmse,last,9,0.001,70,500,1.0,0.0,3,2,5,1,10,551,295,14.1883,44.7702,0.417138,3.91078,28.8794,0.585714
rmse,last,9,0.001,70,500,1.0,0.0,3,2,5,1,10,551,296,14.1968,44.7629,0.417112,3.9416,28.8301,0.557143
rmse,last,9,0.001,70,500,1.0,0.0,3,2,5,1,10,551,297,14.204,44.7653,0.417423,3.91529,28.8618,0.542857
rmse,last,9,0.001,70,500,1.0,0.0,3,2,5,1,10,551,298,14.2043,44.7781,0.416827,3.84376,28.859,0.585714
rmse,last,9,0.001,70,500,1.0,0.0,3,2,5,1,10,551,299,14.2025,44.7751,0.417864,3.84813,28.7704,0.585714
rmse,last,9,0.001,70,500,1.0,0.0,3,2,5,1,10,551,300,14.1975,44.7628,0.416878,3.92901,28.7725,0.542857
rmse,last,9,0.001,70,500,1.0,0.0,3,2,5,1,10,551,-1,14.1736,44.7299,0.416049,14.8911,43.9601,0.385714
rmse,last,9,0.001,70,500,1.0,0.0,3,2,5,1,10,551,301,14.1931,44.7636,0.416852,3.91192,28.7193,0.557143
rmse,last,9,0.001,70,500,1.0,0.0,3,2,5,1,10,551,302,14.1927,44.7722,0.416541,3.93047,28.7314,0.571429
rmse,last,9,0.001,70,500,1.0,0.0,3,2,5,1,10,551,303,14.1945,44.7736,0.416438,3.92987,28.7258,0.571429
rmse,last,9,0.001,70,500,1.0,0.0,3,2,5,1,10,551,304,14.1994,44.7694,0.416671,3.89628,28.6957,0.557143
rmse,last,9,0.001,70,500,1.0,0.0,3,2,5,1,10,551,305,14.2062,44.7705,0.416827,3.88807,28.7062,0.557143
rmse,last,9,0.001,70,500,1.0,0.0,3,2,5,1,10,551,306,14.2123,44.7806,0.416878,3.86471,28.6544,0.571429
rmse,last,9,0.001,70,500,1.0,0.0,3,2,5,1,10,551,307,14.2179,44.7864,0.416334,3.86799,28.6621,0.571429
rmse,last,9,0.001,70,500,1.0,0.0,3,2,5,1,10,551,308,14.2217,44.782,0.417008,3.84977,28.6053,0.571429
rmse,last,9,0.001,70,500,1.0,0.0,3,2,5,1,10,551,309,14.2242,44.78,0.416308,3.87425,28.6248,0.571429
rmse,last,9,0.001,70,500,1.0,0.0,3,2,5,1,10,551,310,14.2282,44.7905,0.416697,3.86662,28.5928,0.571429
rmse,last,9,0.001,70,500,1.0,0.0,3,2,5,1,10,551,311,14.2322,44.7947,0.416904,3.87068,28.5996,0.571429
rmse,last,9,0.001,70,500,1.0,0.0,3,2,5,1,10,551,312,14.235,44.7893,0.416619,3.86227,28.566,0.585714
rmse,last,9,0.001,70,500,1.0,0.0,3,2,5,1,10,551,313,14.2398,44.7919,0.416619,3.84503,28.5466,0.585714
rmse,last,9,0.001,70,500,1.0,0.0,3,2,5,1,10,551,314,14.2442,44.8028,0.417371,3.83301,28.5435,0.585714
rmse,last,9,0.001,70,500,1.0,0.0,3,2,5,1,10,551,315,14.2458,44.8014,0.417086,3.82869,28.5073,0.571429
rmse,last,9,0.001,70,500,1.0,0.0,3,2,5,1,10,551,316,14.2469,44.7972,0.416852,3.84852,28.5203,0.585714
rmse,last,9,0.001,70,500,1.0,0.0,3,2,5,1,10,551,317,14.2476,44.803,0.416982,3.85107,28.4837,0.571429
rmse,last,9,0.001,70,500,1.0,0.0,3,2,5,1,10,551,318,14.2497,44.8079,0.416697,3.86452,28.4914,0.585714
rmse,last,9,0.001,70,500,1.0,0.0,3,2,5,1,10,551,319,14.2535,44.8052,0.416749,3.8504,28.4587,0.585714
rmse,last,9,0.001,70,500,1.0,0.0,3,2,5,1,10,551,320,14.2591,44.8059,0.416645,3.83785,28.4549,0.585714
rmse,last,9,0.001,70,500,1.0,0.0,3,2,5,1,10,551,321,14.2656,44.8144,0.417138,3.80771,28.4336,0.571429
rmse,last,9,0.001,70,500,1.0,0.0,3,2,5,1,10,551,322,14.2711,44.8172,0.417034,3.78955,28.424,0.571429
rmse,last,9,0.001,70,500,1.0,0.0,3,2,5,1,10,551,323,14.2746,44.8137,0.416775,3.79164,28.4193,0.585714
rmse,last,9,0.001,70,500,1.0,0.0,3,2,5,1,10,551,324,14.2769,44.8181,0.416982,3.79408,28.3942,0.571429
rmse,last,9,0.001,70,500,1.0,0.0,3,2,5,1,10,551,325,14.2789,44.8221,0.417267,3.80676,28.3912,0.571429
rmse,last,9,0.001,70,500,1.0,0.0,3,2,5,1,10,551,326,14.2808,44.8195,0.416878,3.81043,28.3709,0.585714
rmse,last,9,0.001,70,500,1.0,0.0,3,2,5,1,10,551,327,14.2842,44.8201,0.416904,3.80603,28.3632,0.585714
rmse,last,9,0.001,70,500,1.0,0.0,3,2,5,1,10,551,328,14.2888,44.8261,0.417008,3.79396,28.3499,0.571429
rmse,last,9,0.001,70,500,1.0,0.0,3,2,5,1,10,551,329,14.2928,44.8277,0.416619,3.78391,28.3383,0.571429
rmse,last,9,0.001,70,500,1.0,0.0,3,2,5,1,10,551,330,14.2959,44.8255,0.416412,3.78117,28.3312,0.585714
rmse,last,9,0.001,70,500,1.0,0.0,3,2,5,1,10,551,331,14.298,44.8296,0.416671,3.79306,28.3131,0.571429
rmse,last,9,0.001,70,500,1.0,0.0,3,2,5,1,10,551,332,14.3006,44.8316,0.416567,3.80384,28.3039,0.571429
rmse,last,9,0.001,70,500,1.0,0.0,3,2,5,1,10,551,333,14.3038,44.8299,0.416515,3.80493,28.294,0.585714
rmse,last,9,0.001,70,500,1.0,0.0,3,2,5,1,10,551,334,14.3081,44.8334,0.416619,3.79764,28.2796,0.585714
rmse,last,9,0.001,70,500,1.0,0.0,3,2,5,1,10,551,335,14.313,44.8372,0.416541,3.78666,28.2715,0.571429
rmse,last,9,0.001,70,500,1.0,0.0,3,2,5,1,10,551,336,14.317,44.8358,0.416386,3.77693,28.2626,0.585714
rmse,last,9,0.001,70,500,1.0,0.0,3,2,5,1,10,551,337,14.3196,44.8422,0.416852,3.79353,28.258,0.571429
rmse,last,9,0.001,70,500,1.0,0.0,3,2,5,1,10,551,338,14.3213,44.8388,0.416515,3.80376,28.2377,0.585714
rmse,last,9,0.001,70,500,1.0,0.0,3,2,5,1,10,551,339,14.324,44.839,0.416282,3.80899,28.2323,0.585714
rmse,last,9,0.001,70,500,1.0,0.0,3,2,5,1,10,551,340,14.3286,44.8459,0.416541,3.80406,28.2217,0.571429
rmse,last,9,0.001,70,500,1.0,0.0,3,2,5,1,10,551,341,14.3329,44.8468,0.41649,3.79266,28.2068,0.571429
rmse,last,9,0.001,70,500,1.0,0.0,3,2,5,1,10,551,342,14.3366,44.8447,0.416075,3.78508,28.202,0.585714
rmse,last,9,0.001,70,500,1.0,0.0,3,2,5,1,10,551,343,14.3408,44.8505,0.416282,3.7837,28.185,0.571429
rmse,last,9,0.001,70,500,1.0,0.0,3,2,5,1,10,551,344,14.3438,44.8528,0.416308,3.78929,28.1766,0.571429
rmse,last,9,0.001,70,500,1.0,0.0,3,2,5,1,10,551,345,14.3462,44.8499,0.415764,3.79326,28.1668,0.585714
rmse,last,9,0.001,70,500,1.0,0.0,3,2,5,1,10,551,346,14.3498,44.8535,0.415841,3.79203,28.1526,0.571429
rmse,last,9,0.001,70,500,1.0,0.0,3,2,5,1,10,551,347,14.3541,44.8573,0.415893,3.78654,28.1451,0.571429
rmse,last,9,0.001,70,500,1.0,0.0,3,2,5,1,10,551,348,14.3572,44.8549,0.415452,3.77665,28.1346,0.571429
rmse,last,9,0.001,70,500,1.0,0.0,3,2,5,1,10,551,349,14.3607,44.8603,0.415764,3.7808,28.1252,0.571429
rmse,last,9,0.001,70,500,1.0,0.0,3,2,5,1,10,551,350,14.363,44.8587,0.415608,3.78171,28.1109,0.571429
rmse,last,9,0.001,70,500,1.0,0.0,3,2,5,1,10,551,-1,14.3764,44.8562,0.412808,15.1566,43.8458,0.371429
rmse,last,9,0.001,70,500,1.0,0.0,3,2,5,1,10,551,351,14.3659,44.8592,0.415297,3.78198,28.1023,0.571429
rmse,last,9,0.001,70,500,1.0,0.0,3,2,5,1,10,551,352,14.3698,44.8646,0.415686,3.78123,28.0946,0.571429
rmse,last,9,0.001,70,500,1.0,0.0,3,2,5,1,10,551,353,14.3729,44.8635,0.415504,3.77351,28.0805,0.571429
rmse,last,9,0.001,70,500,1.0,0.0,3,2,5,1,10,551,354,14.3761,44.8636,0.415297,3.76649,28.0726,0.571429
rmse,last,9,0.001,70,500,1.0,0.0,3,2,5,1,10,551,355,14.3801,44.8693,0.415764,3.76504,28.065,0.571429
rmse,last,9,0.001,70,500,1.0,0.0,3,2,5,1,10,551,356,14.3825,44.8678,0.415426,3.76103,28.0501,0.571429
rmse,last,9,0.001,70,500,1.0,0.0,3,2,5,1,10,551,357,14.3849,44.8674,0.415219,3.7606,28.0428,0.571429
rmse,last,9,0.001,70,500,1.0,0.0,3,2,5,1,10,551,358,14.3882,44.874,0.415893,3.76801,28.0423,0.571429
rmse,last,9,0.001,70,500,1.0,0.0,3,2,5,1,10,551,359,14.3903,44.8697,0.415323,3.76021,28.0242,0.571429
rmse,last,9,0.001,70,500,1.0,0.0,3,2,5,1,10,551,360,14.3941,44.874,0.415582,3.7573,28.0105,0.571429
rmse,last,9,0.001,70,500,1.0,0.0,3,2,5,1,10,551,361,14.397,44.8768,0.415686,3.75518,28.004,0.571429
rmse,last,9,0.001,70,500,1.0,0.0,3,2,5,1,10,551,362,14.4006,44.8761,0.415323,3.74604,27.9926,0.571429
rmse,last,9,0.001,70,500,1.0,0.0,3,2,5,1,10,551,363,14.4038,44.878,0.415375,3.74612,27.9819,0.571429
rmse,last,9,0.001,70,500,1.0,0.0,3,2,5,1,10,551,364,14.4066,44.8812,0.41566,3.75263,27.9741,0.571429
rmse,last,9,0.001,70,500,1.0,0.0,3,2,5,1,10,551,365,14.4096,44.8805,0.415582,3.75069,27.9619,0.571429
rmse,last,9,0.001,70,500,1.0,0.0,3,2,5,1,10,551,366,14.4127,44.8811,0.415271,3.74845,27.9529,0.571429
rmse,last,9,0.001,70,500,1.0,0.0,3,2,5,1,10,551,367,14.4171,44.8868,0.415375,3.74912,27.9488,0.571429
rmse,last,9,0.001,70,500,1.0,0.0,3,2,5,1,10,551,368,14.4188,44.8818,0.415064,3.74199,27.9422,0.571429
rmse,last,9,0.001,70,500,1.0,0.0,3,2,5,1,10,551,369,14.4002,44.8846,0.415426,3.82402,28.7149,0.6
rmse,last,9,0.001,70,500,1.0,0.0,3,2,5,1,10,551,370,14.4315,44.8655,0.411849,6.25345,31.5455,0.485714
rmse,last,9,0.001,70,500,1.0,0.0,3,2,5,1,10,551,371,14.4156,44.9275,0.414156,6.92978,32.7825,0.571429
rmse,last,9,0.001,70,500,1.0,0.0,3,2,5,1,10,551,372,14.3881,44.9213,0.414934,7.79123,34.0139,0.557143
rmse,last,9,0.001,70,500,1.0,0.0,3,2,5,1,10,551,373,14.3985,44.906,0.415712,4.21491,28.7212,0.6
rmse,last,9,0.001,70,500,1.0,0.0,3,2,5,1,10,551,374,14.4682,44.8903,0.410552,5.73208,31.9771,0.5
rmse,last,9,0.001,70,500,1.0,0.0,3,2,5,1,10,551,375,14.4885,44.9069,0.412134,5.39559,32.0043,0.542857
rmse,last,9,0.001,70,500,1.0,0.0,3,2,5,1,10,551,376,14.4665,44.9089,0.413767,5.66835,33.2167,0.528571
rmse,last,9,0.001,70,500,1.0,0.0,3,2,5,1,10,551,377,14.3965,44.9023,0.412056,6.67183,34.815,0.514286
rmse,last,9,0.001,70,500,1.0,0.0,3,2,5,1,10,551,378,14.41,44.9179,0.412678,4.18563,30.6101,0.614286
rmse,last,9,0.001,70,500,1.0,0.0,3,2,5,1,10,551,379,14.4159,44.8725,0.41076,6.0194,31.594,0.414286
rmse,last,9,0.001,70,500,1.0,0.0,3,2,5,1,10,551,380,14.3977,44.8718,0.4112,5.44358,30.958,0.514286
rmse,last,9,0.001,70,500,1.0,0.0,3,2,5,1,10,551,381,14.3858,44.8831,0.411797,6.46912,32.1745,0.557143
rmse,last,9,0.001,70,500,1.0,0.0,3,2,5,1,10,551,382,14.3907,44.896,0.413171,5.63152,31.1201,0.585714
rmse,last,9,0.001,70,500,1.0,0.0,3,2,5,1,10,551,383,14.4181,44.9106,0.412134,4.08672,28.706,0.614286
rmse,last,9,0.001,70,500,1.0,0.0,3,2,5,1,10,551,384,14.4539,44.8823,0.412289,5.05417,30.7059,0.542857
rmse,last,9,0.001,70,500,1.0,0.0,3,2,5,1,10,551,385,14.4655,44.8764,0.4112,5.26086,31.2315,0.542857
rmse,last,9,0.001,70,500,1.0,0.0,3,2,5,1,10,551,386,14.4019,44.8756,0.412315,3.98227,28.8053,0.557143
rmse,last,9,0.001,70,500,1.0,0.0,3,2,5,1,10,551,387,14.368,44.8765,0.413067,4.69182,29.8618,0.6
rmse,last,9,0.001,70,500,1.0,0.0,3,2,5,1,10,551,388,14.3606,44.8712,0.41203,5.63836,31.3915,0.571429
rmse,last,9,0.001,70,500,1.0,0.0,3,2,5,1,10,551,389,14.3838,44.8746,0.412419,4.30331,29.572,0.585714
rmse,last,9,0.001,70,500,1.0,0.0,3,2,5,1,10,551,390,14.4046,44.8758,0.413145,4.41699,29.7477,0.542857
rmse,last,9,0.001,70,500,1.0,0.0,3,2,5,1,10,551,391,14.421,44.8907,0.412782,3.93078,28.9027,0.542857
rmse,last,9,0.001,70,500,1.0,0.0,3,2,5,1,10,551,392,14.4509,44.9231,0.412834,4.10755,30.5663,0.571429
rmse,last,9,0.001,70,500,1.0,0.0,3,2,5,1,10,551,393,14.4499,44.9186,0.412704,3.77168,29.1695,0.6
rmse,last,9,0.001,70,500,1.0,0.0,3,2,5,1,10,551,394,14.4337,44.8827,0.412963,3.96197,29.0279,0.514286
rmse,last,9,0.001,70,500,1.0,0.0,3,2,5,1,10,551,395,14.3604,44.8339,0.412834,3.87152,28.5906,0.585714
rmse,last,9,0.001,70,500,1.0,0.0,3,2,5,1,10,551,396,14.3181,44.8174,0.412263,4.03927,29.0788,0.6
rmse,last,9,0.001,70,500,1.0,0.0,3,2,5,1,10,551,397,14.2983,44.7903,0.411875,4.48702,29.4696,0.571429
rmse,last,9,0.001,70,500,1.0,0.0,3,2,5,1,10,551,398,14.3031,44.7849,0.411486,4.34372,29.3093,0.557143
rmse,last,9,0.001,70,500,1.0,0.0,3,2,5,1,10,551,399,14.3268,44.7995,0.410967,4.2487,29.0948,0.557143
rmse,last,9,0.001,70,500,1.0,0.0,3,2,5,1,10,551,400,14.3747,44.8414,0.410423,4.03025,28.576,0.542857
rmse,last,9,0.001,70,500,1.0,0.0,3,2,5,1,10,551,-1,14.5273,44.9279,0.412886,15.8808,44.2238,0.342857
rmse,last,9,0.001,70,500,1.0,0.0,3,2,5,1,10,551,401,14.4043,44.8765,0.411149,4.11378,29.0115,0.557143
rmse,last,9,0.001,70,500,1.0,0.0,3,2,5,1,10,551,402,14.4361,44.8887,0.411123,3.76225,28.8022,0.542857
rmse,last,9,0.001,70,500,1.0,0.0,3,2,5,1,10,551,403,14.4666,44.8911,0.411382,4.03692,28.9558,0.514286
rmse,last,9,0.001,70,500,1.0,0.0,3,2,5,1,10,551,404,14.4456,44.8858,0.411019,3.76146,28.4191,0.571429
rmse,last,9,0.001,70,500,1.0,0.0,3,2,5,1,10,551,405,14.4239,44.8844,0.412341,3.78335,28.3134,0.614286
rmse,last,9,0.001,70,500,1.0,0.0,3,2,5,1,10,551,406,14.4032,44.8727,0.411641,3.90471,28.2802,0.614286
rmse,last,9,0.001,70,500,1.0,0.0,3,2,5,1,10,551,407,14.3715,44.8473,0.411486,3.92902,28.2628,0.585714
rmse,last,9,0.001,70,500,1.0,0.0,3,2,5,1,10,551,408,14.3536,44.8347,0.411745,3.84923,28.3647,0.585714
rmse,last,9,0.001,70,500,1.0,0.0,3,2,5,1,10,551,409,14.3586,44.8414,0.411797,3.80598,28.363,0.585714
rmse,last,9,0.001,70,500,1.0,0.0,3,2,5,1,10,551,410,14.3869,44.8728,0.4133,3.74341,28.1856,0.6
rmse,last,9,0.001,70,500,1.0,0.0,3,2,5,1,10,551,411,14.4181,44.8946,0.413612,3.694,28.1535,0.614286
rmse,last,9,0.001,70,500,1.0,0.0,3,2,5,1,10,551,412,14.4277,44.9041,0.412938,3.64504,28.1096,0.6
rmse,last,9,0.001,70,500,1.0,0.0,3,2,5,1,10,551,413,14.437,44.9008,0.412471,3.52621,28.075,0.6
rmse,last,9,0.001,70,500,1.0,0.0,3,2,5,1,10,551,414,14.442,44.8995,0.412341,3.5322,28.0875,0.585714
rmse,last,9,0.001,70,500,1.0,0.0,3,2,5,1,10,551,415,14.4353,44.899,0.412263,3.59338,27.9686,0.585714
rmse,last,9,0.001,70,500,1.0,0.0,3,2,5,1,10,551,416,14.4275,44.8999,0.412626,3.69913,27.9203,0.6
rmse,last,9,0.001,70,500,1.0,0.0,3,2,5,1,10,551,417,14.4232,44.8982,0.41203,3.79035,27.9406,0.6
rmse,last,9,0.001,70,500,1.0,0.0,3,2,5,1,10,551,418,14.4216,44.8936,0.411797,3.78125,27.9255,0.6
rmse,last,9,0.001,70,500,1.0,0.0,3,2,5,1,10,551,419,14.4255,44.8913,0.411693,3.78967,27.9204,0.6
rmse,last,9,0.001,70,500,1.0,0.0,3,2,5,1,10,551,420,14.4379,44.8976,0.411745,3.76066,27.911,0.585714
rmse,last,9,0.001,70,500,1.0,0.0,3,2,5,1,10,551,421,14.4531,44.9105,0.412315,3.6428,27.853,0.6
rmse,last,9,0.001,70,500,1.0,0.0,3,2,5,1,10,551,422,14.4635,44.9232,0.41286,3.63547,27.8635,0.6
rmse,last,9,0.001,70,500,1.0,0.0,3,2,5,1,10,551,423,14.4722,44.9283,0.411978,3.59335,27.8415,0.6
rmse,last,9,0.001,70,500,1.0,0.0,3,2,5,1,10,551,424,14.4804,44.9312,0.411771,3.54742,27.8159,0.6
rmse,last,9,0.001,70,500,1.0,0.0,3,2,5,1,10,551,425,14.4826,44.9334,0.4112,3.53956,27.798,0.6
rmse,last,9,0.001,70,500,1.0,0.0,3,2,5,1,10,551,426,14.4793,44.9358,0.411512,3.58141,27.7527,0.6
rmse,last,9,0.001,70,500,1.0,0.0,3,2,5,1,10,551,427,14.4758,44.9384,0.412134,3.64755,27.7428,0.6
rmse,last,9,0.001,70,500,1.0,0.0,3,2,5,1,10,551,428,14.4751,44.9393,0.412367,3.67133,27.7323,0.6
rmse,last,9,0.001,70,500,1.0,0.0,3,2,5,1,10,551,429,14.4777,44.9394,0.412134,3.63973,27.7073,0.614286
rmse,last,9,0.001,70,500,1.0,0.0,3,2,5,1,10,551,430,14.484,44.9425,0.411641,3.59563,27.6905,0.6
rmse,last,9,0.001,70,500,1.0,0.0,3,2,5,1,10,551,431,14.4935,44.9502,0.412082,3.56465,27.662,0.6
rmse,last,9,0.001,70,500,1.0,0.0,3,2,5,1,10,551,432,14.5033,44.9594,0.412004,3.54836,27.6439,0.6
rmse,last,9,0.001,70,500,1.0,0.0,3,2,5,1,10,551,433,14.511,44.9658,0.412056,3.53478,27.6377,0.6
rmse,last,9,0.001,70,500,1.0,0.0,3,2,5,1,10,551,434,14.516,44.9679,0.412082,3.50952,27.6206,0.614286
rmse,last,9,0.001,70,500,1.0,0.0,3,2,5,1,10,551,435,14.5177,44.967,0.41216,3.48802,27.6023,0.614286
rmse,last,9,0.001,70,500,1.0,0.0,3,2,5,1,10,551,436,14.5159,44.9653,0.411823,3.49907,27.5849,0.614286
rmse,last,9,0.001,70,500,1.0,0.0,3,2,5,1,10,551,437,14.5133,44.9652,0.411926,3.54988,27.5664,0.6
rmse,last,9,0.001,70,500,1.0,0.0,3,2,5,1,10,551,438,14.5128,44.9669,0.412108,3.59525,27.5587,0.6
rmse,last,9,0.001,70,500,1.0,0.0,3,2,5,1,10,551,439,14.515,44.9676,0.412056,3.59858,27.543,0.6
rmse,last,9,0.001,70,500,1.0,0.0,3,2,5,1,10,551,440,14.5202,44.9691,0.411693,3.58043,27.5308,0.6
rmse,last,9,0.001,70,500,1.0,0.0,3,2,5,1,10,551,441,14.5281,44.9752,0.411978,3.55378,27.5173,0.6
rmse,last,9,0.001,70,500,1.0,0.0,3,2,5,1,10,551,442,14.5353,44.9823,0.412056,3.53463,27.5145,0.585714
rmse,last,9,0.001,70,500,1.0,0.0,3,2,5,1,10,551,443,14.5403,44.9846,0.411849,3.52139,27.5052,0.6
rmse,last,9,0.001,70,500,1.0,0.0,3,2,5,1,10,551,444,14.5421,44.9851,0.411537,3.54049,27.496,0.6
rmse,last,9,0.001,70,500,1.0,0.0,3,2,5,1,10,551,445,14.5415,44.987,0.411512,3.5824,27.4798,0.571429
rmse,last,9,0.001,70,500,1.0,0.0,3,2,5,1,10,551,446,14.5408,44.9879,0.411537,3.61881,27.4695,0.585714
rmse,last,9,0.001,70,500,1.0,0.0,3,2,5,1,10,551,447,14.5417,44.9872,0.411563,3.6343,27.4578,0.585714
rmse,last,9,0.001,70,500,1.0,0.0,3,2,5,1,10,551,448,14.5448,44.9891,0.41146,3.63202,27.4475,0.585714
rmse,last,9,0.001,70,500,1.0,0.0,3,2,5,1,10,551,449,14.5497,44.9938,0.411537,3.61657,27.436,0.585714
rmse,last,9,0.001,70,500,1.0,0.0,3,2,5,1,10,551,450,14.5558,44.9981,0.411693,3.58941,27.4276,0.585714
rmse,last,9,0.001,70,500,1.0,0.0,3,2,5,1,10,551,-1,14.6465,45.0033,0.411615,17.6482,45.6046,0.357143
rmse,last,9,0.001,70,500,1.0,0.0,3,2,5,1,10,551,451,14.5619,45.001,0.411512,3.55634,27.4208,0.585714
rmse,last,9,0.001,70,500,1.0,0.0,3,2,5,1,10,551,452,14.5664,45.0036,0.411667,3.54368,27.4151,0.585714
rmse,last,9,0.001,70,500,1.0,0.0,3,2,5,1,10,551,453,14.5688,45.0063,0.411537,3.56157,27.4057,0.6
rmse,last,9,0.001,70,500,1.0,0.0,3,2,5,1,10,551,454,14.5703,45.008,0.411589,3.58919,27.3967,0.6
rmse,last,9,0.001,70,500,1.0,0.0,3,2,5,1,10,551,455,14.5723,45.0086,0.411563,3.60663,27.3867,0.6
rmse,last,9,0.001,70,500,1.0,0.0,3,2,5,1,10,551,456,14.5753,45.0098,0.411486,3.61563,27.3779,0.585714
rmse,last,9,0.001,70,500,1.0,0.0,3,2,5,1,10,551,457,14.5798,45.0133,0.411486,3.61798,27.3674,0.6
rmse,last,9,0.001,70,500,1.0,0.0,3,2,5,1,10,551,458,14.5854,45.0177,0.411563,3.61094,27.3583,0.6
rmse,last,9,0.001,70,500,1.0,0.0,3,2,5,1,10,551,459,14.5912,45.0208,0.41146,3.5935,27.3496,0.614286
rmse,last,9,0.001,70,500,1.0,0.0,3,2,5,1,10,551,460,14.5964,45.0232,0.411537,3.58089,27.3426,0.614286
rmse,last,9,0.001,70,500,1.0,0.0,3,2,5,1,10,551,461,14.6,45.0258,0.41133,3.58711,27.3344,0.614286
rmse,last,9,0.001,70,500,1.0,0.0,3,2,5,1,10,551,462,14.6026,45.028,0.411304,3.60308,27.3268,0.614286
rmse,last,9,0.001,70,500,1.0,0.0,3,2,5,1,10,551,463,14.6051,45.0286,0.411434,3.61176,27.3185,0.614286
rmse,last,9,0.001,70,500,1.0,0.0,3,2,5,1,10,551,464,14.6083,45.03,0.411512,3.61045,27.3107,0.614286
rmse,last,9,0.001,70,500,1.0,0.0,3,2,5,1,10,551,465,14.6123,45.0331,0.411356,3.60048,27.3017,0.614286
rmse,last,9,0.001,70,500,1.0,0.0,3,2,5,1,10,551,466,14.6167,45.0359,0.411382,3.58307,27.2932,0.614286
rmse,last,9,0.001,70,500,1.0,0.0,3,2,5,1,10,551,467,14.6209,45.0379,0.411278,3.56514,27.2851,0.614286
rmse,last,9,0.001,70,500,1.0,0.0,3,2,5,1,10,551,468,14.624,45.0398,0.411408,3.56252,27.277,0.614286
rmse,last,9,0.001,70,500,1.0,0.0,3,2,5,1,10,551,469,14.6263,45.042,0.41146,3.57365,27.2691,0.614286
rmse,last,9,0.001,70,500,1.0,0.0,3,2,5,1,10,551,470,14.6286,45.0433,0.411486,3.58239,27.2614,0.614286
rmse,last,9,0.001,70,500,1.0,0.0,3,2,5,1,10,551,471,14.6315,45.0447,0.411589,3.58394,27.2539,0.614286
rmse,last,9,0.001,70,500,1.0,0.0,3,2,5,1,10,551,472,14.635,45.0471,0.411512,3.5823,27.2461,0.614286
rmse,last,9,0.001,70,500,1.0,0.0,3,2,5,1,10,551,473,14.6389,45.0499,0.411615,3.57774,27.2382,0.614286
rmse,last,9,0.001,70,500,1.0,0.0,3,2,5,1,10,551,474,14.6431,45.0526,0.411693,3.56923,27.2304,0.614286
rmse,last,9,0.001,70,500,1.0,0.0,3,2,5,1,10,551,475,14.6469,45.0545,0.411615,3.56389,27.2227,0.614286
rmse,last,9,0.001,70,500,1.0,0.0,3,2,5,1,10,551,476,14.6499,45.0565,0.411719,3.56926,27.2149,0.614286
rmse,last,9,0.001,70,500,1.0,0.0,3,2,5,1,10,551,477,14.6526,45.0586,0.411615,3.57977,27.2073,0.614286
rmse,last,9,0.001,70,500,1.0,0.0,3,2,5,1,10,551,478,14.6555,45.0602,0.411512,3.58461,27.1998,0.614286
rmse,last,9,0.001,70,500,1.0,0.0,3,2,5,1,10,551,479,14.6589,45.0621,0.411512,3.5817,27.1923,0.614286
rmse,last,9,0.001,70,500,1.0,0.0,3,2,5,1,10,551,480,14.6626,45.0647,0.411356,3.57498,27.1847,0.614286
rmse,last,9,0.001,70,500,1.0,0.0,3,2,5,1,10,551,481,14.6661,45.0671,0.411434,3.56742,27.1772,0.614286
rmse,last,9,0.001,70,500,1.0,0.0,3,2,5,1,10,551,482,14.6695,45.0691,0.411382,3.56174,27.1696,0.614286
rmse,last,9,0.001,70,500,1.0,0.0,3,2,5,1,10,551,483,14.6724,45.0709,0.411434,3.56332,27.162,0.614286
rmse,last,9,0.001,70,500,1.0,0.0,3,2,5,1,10,551,484,14.6749,45.0728,0.411382,3.57042,27.1545,0.614286
rmse,last,9,0.001,70,500,1.0,0.0,3,2,5,1,10,551,485,14.6776,45.0747,0.41146,3.57393,27.1471,0.614286
rmse,last,9,0.001,70,500,1.0,0.0,3,2,5,1,10,551,486,14.6809,45.0766,0.411382,3.57072,27.1396,0.614286
rmse,last,9,0.001,70,500,1.0,0.0,3,2,5,1,10,551,487,14.6845,45.079,0.41146,3.56569,27.1322,0.614286
rmse,last,9,0.001,70,500,1.0,0.0,3,2,5,1,10,551,488,14.6881,45.0815,0.411563,3.56237,27.1248,0.614286
rmse,last,9,0.001,70,500,1.0,0.0,3,2,5,1,10,551,489,14.6915,45.0837,0.411641,3.5609,27.1174,0.614286
rmse,last,9,0.001,70,500,1.0,0.0,3,2,5,1,10,551,490,14.6946,45.0855,0.411641,3.56355,27.1099,0.614286
rmse,last,9,0.001,70,500,1.0,0.0,3,2,5,1,10,551,491,14.6975,45.0875,0.411667,3.57027,27.1024,0.614286
rmse,last,9,0.001,70,500,1.0,0.0,3,2,5,1,10,551,492,14.7006,45.0896,0.411563,3.57514,27.095,0.614286
rmse,last,9,0.001,70,500,1.0,0.0,3,2,5,1,10,551,493,14.704,45.0917,0.411693,3.57428,27.0876,0.614286
rmse,last,9,0.001,70,500,1.0,0.0,3,2,5,1,10,551,494,14.7076,45.094,0.411641,3.57094,27.0802,0.614286
rmse,last,9,0.001,70,500,1.0,0.0,3,2,5,1,10,551,495,14.711,45.0963,0.411693,3.56931,27.0728,0.614286
rmse,last,9,0.001,70,500,1.0,0.0,3,2,5,1,10,551,496,14.7143,45.0986,0.411667,3.57002,27.0654,0.614286
rmse,last,9,0.001,70,500,1.0,0.0,3,2,5,1,10,551,497,14.7173,45.1003,0.411719,3.57277,27.058,0.614286
rmse,last,9,0.001,70,500,1.0,0.0,3,2,5,1,10,551,498,14.7203,45.1023,0.411641,3.5766,27.0505,0.614286
rmse,last,9,0.001,70,500,1.0,0.0,3,2,5,1,10,551,499,14.7235,45.1045,0.411512,3.57795,27.0431,0.614286
rmse,last,9,0.001,70,500,1.0,0.0,3,2,5,1,10,551,0,14.3953,44.9627,0.410423,17.3527,43.9939,0.285714
rmse,last,9,0.001,70,500,1.0,0.0,3,2,5,1,10,551,1,14.3882,44.9665,0.410552,16.9857,43.828,0.271429
rmse,last,9,0.001,70,500,1.0,0.0,3,2,5,1,10,551,2,14.3831,44.9667,0.410526,16.695,43.5965,0.328571
rmse,last,9,0.001,70,500,1.0,0.0,3,2,5,1,10,551,3,14.3691,44.9582,0.410967,16.2589,43.1253,0.342857
rmse,last,9,0.001,70,500,1.0,0.0,3,2,5,1,10,551,4,14.3743,44.969,0.410345,16.8665,43.7304,0.357143
rmse,last,9,0.001,70,500,1.0,0.0,3,2,5,1,10,551,5,14.3956,44.9758,0.41006,16.7202,43.3584,0.371429
rmse,last,9,0.001,70,500,1.0,0.0,3,2,5,1,10,551,6,14.4314,44.9883,0.41006,16.4758,43.1937,0.371429
rmse,last,9,0.001,70,500,1.0,0.0,3,2,5,1,10,551,7,14.4661,45.0035,0.409256,16.1069,42.9653,0.4
rmse,last,9,0.001,70,500,1.0,0.0,3,2,5,1,10,551,8,14.4897,45.0148,0.408608,15.9182,42.8779,0.342857
rmse,last,9,0.001,70,500,1.0,0.0,3,2,5,1,10,551,9,14.4778,45.0101,0.409178,15.484,42.4956,0.4
rmse,last,9,0.001,70,500,1.0,0.0,3,2,5,1,10,551,10,14.4378,44.9956,0.409748,14.8239,41.8344,0.385714
rmse,last,9,0.001,70,500,1.0,0.0,3,2,5,1,10,551,11,14.3913,44.9831,0.411278,14.0675,41.4242,0.371429
rmse,last,9,0.001,70,500,1.0,0.0,3,2,5,1,10,551,12,14.3756,44.9671,0.413093,14.1806,41.5351,0.385714
rmse,last,9,0.001,70,500,1.0,0.0,3,2,5,1,10,551,13,14.3777,44.9541,0.413145,13.8264,41.2485,0.371429
rmse,last,9,0.001,70,500,1.0,0.0,3,2,5,1,10,551,14,14.3858,44.9494,0.413741,13.4519,41.0722,0.342857
rmse,last,9,0.001,70,500,1.0,0.0,3,2,5,1,10,551,15,14.3846,44.951,0.413949,13.0696,40.8046,0.371429
rmse,last,9,0.001,70,500,1.0,0.0,3,2,5,1,10,551,16,14.3768,44.9551,0.412989,12.5912,40.2368,0.371429
rmse,last,9,0.001,70,500,1.0,0.0,3,2,5,1,10,551,17,14.3689,44.9535,0.413378,12.598,40.0572,0.357143
rmse,last,9,0.001,70,500,1.0,0.0,3,2,5,1,10,551,18,14.3658,44.9539,0.413145,12.4993,39.8995,0.357143
rmse,last,9,0.001,70,500,1.0,0.0,3,2,5,1,10,551,19,14.3642,44.9509,0.413508,12.3688,39.7399,0.357143
rmse,last,9,0.001,70,500,1.0,0.0,3,2,5,1,10,551,20,14.3613,44.9427,0.413508,12.1992,39.5775,0.371429
rmse,last,9,0.001,70,500,1.0,0.0,3,2,5,1,10,551,21,14.3596,44.9322,0.414026,12.0193,39.4314,0.371429
rmse,last,9,0.001,70,500,1.0,0.0,3,2,5,1,10,551,22,14.3601,44.9223,0.414104,11.884,39.3255,0.414286
rmse,last,9,0.001,70,500,1.0,0.0,3,2,5,1,10,551,23,14.3625,44.9141,0.413715,11.7586,39.2444,0.4
rmse,last,9,0.001,70,500,1.0,0.0,3,2,5,1,10,551,24,14.3664,44.9078,0.413897,11.6475,39.1654,0.4
rmse,last,9,0.001,70,500,1.0,0.0,3,2,5,1,10,551,25,14.371,44.9023,0.413819,11.54,39.0642,0.414286
rmse,last,9,0.001,70,500,1.0,0.0,3,2,5,1,10,551,26,14.3767,44.8971,0.413612,11.457,38.9457,0.4
rmse,last,9,0.001,70,500,1.0,0.0,3,2,5,1,10,551,27,14.3825,44.8921,0.413689,11.423,38.8436,0.385714
rmse,last,9,0.001,70,500,1.0,0.0,3,2,5,1,10,551,28,14.3859,44.8868,0.413534,11.3844,38.7578,0.385714
rmse,last,9,0.001,70,500,1.0,0.0,3,2,5,1,10,551,29,14.3863,44.8799,0.413456,11.2935,38.6703,0.385714
rmse,last,9,0.001,70,500,1.0,0.0,3,2,5,1,10,551,30,14.3848,44.8709,0.413067,11.1947,38.5859,0.385714
rmse,last,9,0.001,70,500,1.0,0.0,3,2,5,1,10,551,31,14.383,44.8602,0.413197,11.1567,38.5045,0.385714
rmse,last,9,0.001,70,500,1.0,0.0,3,2,5,1,10,551,32,14.3811,44.8493,0.413508,11.171,38.4385,0.4
rmse,last,9,0.001,70,500,1.0,0.0,3,2,5,1,10,551,33,14.3787,44.8393,0.413741,11.1945,38.3945,0.4
rmse,last,9,0.001,70,500,1.0,0.0,3,2,5,1,10,551,34,14.3765,44.8319,0.413249,11.1887,38.344,0.414286
rmse,last,9,0.001,70,500,1.0,0.0,3,2,5,1,10,551,35,14.3759,44.8265,0.413326,11.1564,38.2856,0.4
rmse,last,9,0.001,70,500,1.0,0.0,3,2,5,1,10,551,36,14.3777,44.822,0.413197,11.1107,38.2147,0.4
rmse,last,9,0.001,70,500,1.0,0.0,3,2,5,1,10,551,37,14.3804,44.8177,0.41343,11.0824,38.141,0.414286
rmse,last,9,0.001,70,500,1.0,0.0,3,2,5,1,10,551,38,14.3815,44.8127,0.413456,11.0569,38.0607,0.414286
rmse,last,9,0.001,70,500,1.0,0.0,3,2,5,1,10,551,39,14.3792,44.8063,0.413093,11.0151,37.9602,0.4
rmse,last,9,0.001,70,500,1.0,0.0,3,2,5,1,10,551,40,14.3747,44.7989,0.412808,10.9748,37.8676,0.4
rmse,last,9,0.001,70,500,1.0,0.0,3,2,5,1,10,551,41,14.3714,44.7919,0.412704,10.9082,37.8044,0.4
rmse,last,9,0.001,70,500,1.0,0.0,3,2,5,1,10,551,42,14.3713,44.787,0.412678,10.8128,37.7432,0.4
rmse,last,9,0.001,70,500,1.0,0.0,3,2,5,1,10,551,43,14.3743,44.7842,0.412834,10.7096,37.677,0.4
rmse,last,9,0.001,70,500,1.0,0.0,3,2,5,1,10,551,44,14.3791,44.783,0.412445,10.6181,37.6175,0.4
rmse,last,9,0.001,70,500,1.0,0.0,3,2,5,1,10,551,45,14.3848,44.7837,0.412212,10.5312,37.5597,0.414286
rmse,last,9,0.001,70,500,1.0,0.0,3,2,5,1,10,551,46,14.3887,44.7821,0.412108,10.4329,37.4929,0.414286
rmse,last,9,0.001,70,500,1.0,0.0,3,2,5,1,10,551,47,14.3899,44.7784,0.411875,10.3367,37.4119,0.442857
rmse,last,9,0.001,70,500,1.0,0.0,3,2,5,1,10,551,48,14.3906,44.7736,0.412056,10.2427,37.3134,0.442857
rmse,last,9,0.001,70,500,1.0,0.0,3,2,5,1,10,551,49,14.3941,44.768,0.411771,10.0781,37.1605,0.428571
rmse,last,9,0.001,70,500,1.0,0.0,3,2,5,1,10,551,50,14.3775,44.7434,0.41286,10.5086,37.3801,0.442857
rmse,last,9,0.001,70,500,1.0,0.0,3,2,5,1,10,551,-1,14.8389,44.9237,0.40713,13.3361,41.9598,0.4
rmse,last,9,0.001,70,500,1.0,0.0,3,2,5,1,10,551,51,14.3761,44.7372,0.412419,10.3885,37.2493,0.428571
rmse,last,9,0.001,70,500,1.0,0.0,3,2,5,1,10,551,52,14.3732,44.7279,0.412263,10.2893,37.092,0.442857
rmse,last,9,0.001,70,500,1.0,0.0,3,2,5,1,10,551,53,14.3656,44.7167,0.411745,10.1448,36.9346,0.442857
rmse,last,9,0.001,70,500,1.0,0.0,3,2,5,1,10,551,54,14.3531,44.7013,0.411952,9.97089,36.801,0.428571
rmse,last,9,0.001,70,500,1.0,0.0,3,2,5,1,10,551,55,14.3501,44.6933,0.412341,9.88008,36.7273,0.428571
rmse,last,9,0.001,70,500,1.0,0.0,3,2,5,1,10,551,56,14.3518,44.6886,0.411797,9.81775,36.6462,0.442857
rmse,last,9,0.001,70,500,1.0,0.0,3,2,5,1,10,551,57,14.3564,44.6901,0.411252,9.73601,36.5469,0.442857
rmse,last,9,0.001,70,500,1.0,0.0,3,2,5,1,10,551,58,14.3621,44.6939,0.410967,9.57164,36.4754,0.428571
rmse,last,9,0.001,70,500,1.0,0.0,3,2,5,1,10,551,59,14.3678,44.6943,0.410734,9.49302,36.3724,0.428571
rmse,last,9,0.001,70,500,1.0,0.0,3,2,5,1,10,551,60,14.3702,44.6901,0.410837,9.44219,36.2732,0.442857
rmse,last,9,0.001,70,500,1.0,0.0,3,2,5,1,10,551,61,14.3704,44.6866,0.41063,9.27398,36.1521,0.428571
rmse,last,9,0.001,70,500,1.0,0.0,3,2,5,1,10,551,62,14.3737,44.6854,0.411123,9.16385,36.0585,0.428571
rmse,last,9,0.001,70,500,1.0,0.0,3,2,5,1,10,551,63,14.3842,44.6873,0.410449,9.09327,35.9311,0.442857
rmse,last,9,0.001,70,500,1.0,0.0,3,2,5,1,10,551,64,14.3939,44.6939,0.410889,9.2363,35.8962,0.457143
rmse,last,9,0.001,70,500,1.0,0.0,3,2,5,1,10,551,65,14.4111,44.6804,0.4112,11.1901,38.628,0.442857
rmse,last,9,0.001,70,500,1.0,0.0,3,2,5,1,10,551,66,14.3762,44.6621,0.41273,10.377,38.061,0.457143
rmse,last,9,0.001,70,500,1.0,0.0,3,2,5,1,10,551,67,14.3266,44.6497,0.412393,10.2945,37.7276,0.442857
rmse,last,9,0.001,70,500,1.0,0.0,3,2,5,1,10,551,68,14.3419,44.6774,0.41133,10.9264,37.9421,0.428571
rmse,last,9,0.001,70,500,1.0,0.0,3,2,5,1,10,551,69,14.338,44.6747,0.412367,9.69647,36.8935,0.442857
rmse,last,9,0.001,70,500,1.0,0.0,3,2,5,1,10,551,70,14.3813,44.6851,0.41076,9.51648,36.3248,0.471429
rmse,last,9,0.001,70,500,1.0,0.0,3,2,5,1,10,551,71,14.4336,44.7126,0.41006,10.7652,37.4895,0.457143
rmse,last,9,0.001,70,500,1.0,0.0,3,2,5,1,10,551,72,14.3678,44.6774,0.410993,8.88566,35.8578,0.485714
rmse,last,9,0.001,70,500,1.0,0.0,3,2,5,1,10,551,73,14.3489,44.6772,0.411745,9.64058,37.0528,0.428571
rmse,last,9,0.001,70,500,1.0,0.0,3,2,5,1,10,551,74,14.3487,44.6667,0.413275,9.14358,36.2282,0.442857
rmse,last,9,0.001,70,500,1.0,0.0,3,2,5,1,10,551,75,14.3856,44.6677,0.411797,9.64911,36.9931,0.471429
rmse,last,9,0.001,70,500,1.0,0.0,3,2,5,1,10,551,76,14.3868,44.6685,0.411978,9.30718,36.5701,0.471429
rmse,last,9,0.001,70,500,1.0,0.0,3,2,5,1,10,551,77,14.3565,44.6689,0.413223,8.82362,35.9223,0.442857
rmse,last,9,0.001,70,500,1.0,0.0,3,2,5,1,10,551,78,14.4259,44.7159,0.4077,9.33959,37.876,0.457143
rmse,last,9,0.001,70,500,1.0,0.0,3,2,5,1,10,551,79,14.5066,44.7585,0.405004,9.38995,37.5534,0.457143
rmse,last,9,0.001,70,500,1.0,0.0,3,2,5,1,10,551,80,14.5872,44.8012,0.404433,10.4906,38.2021,0.442857
rmse,last,9,0.001,70,500,1.0,0.0,3,2,5,1,10,551,81,14.593,44.8027,0.404226,10.392,38.3452,0.471429
rmse,last,9,0.001,70,500,1.0,0.0,3,2,5,1,10,551,82,14.5464,44.786,0.404952,9.28496,37.7725,0.428571
rmse,last,9,0.001,70,500,1.0,0.0,3,2,5,1,10,551,83,14.5324,44.7811,0.405963,8.91043,36.9964,0.457143
rmse,last,9,0.001,70,500,1.0,0.0,3,2,5,1,10,551,84,14.4764,44.7324,0.408348,8.95296,36.2836,0.428571
rmse,last,9,0.001,70,500,1.0,0.0,3,2,5,1,10,551,85,14.4091,44.6896,0.410474,8.76063,35.7613,0.485714
rmse,last,9,0.001,70,500,1.0,0.0,3,2,5,1,10,551,86,14.3266,44.6286,0.411849,8.45146,35.6098,0.5
rmse,last,9,0.001,70,500,1.0,0.0,3,2,5,1,10,551,87,14.3135,44.6329,0.410993,8.62654,36.0499,0.471429
rmse,last,9,0.001,70,500,1.0,0.0,3,2,5,1,10,551,88,14.318,44.6472,0.411019,8.94268,36.3967,0.457143
rmse,last,9,0.001,70,500,1.0,0.0,3,2,5,1,10,551,89,14.3133,44.6419,0.410941,8.82627,36.2312,0.485714
rmse,last,9,0.001,70,500,1.0,0.0,3,2,5,1,10,551,90,14.3189,44.6343,0.411486,8.3264,35.7029,0.485714
rmse,last,9,0.001,70,500,1.0,0.0,3,2,5,1,10,551,91,14.352,44.6461,0.411693,8.16992,35.3087,0.5
rmse,last,9,0.001,70,500,1.0,0.0,3,2,5,1,10,551,92,14.4019,44.6852,0.411512,8.19147,35.3172,0.514286
rmse,last,9,0.001,70,500,1.0,0.0,3,2,5,1,10,551,93,14.4337,44.711,0.410267,8.25189,35.5333,0.471429
rmse,last,9,0.001,70,500,1.0,0.0,3,2,5,1,10,551,94,14.4525,44.7266,0.409489,8.36783,35.6836,0.457143
rmse,last,9,0.001,70,500,1.0,0.0,3,2,5,1,10,551,95,14.4496,44.7243,0.409074,8.26469,35.5487,0.485714
rmse,last,9,0.001,70,500,1.0,0.0,3,2,5,1,10,551,96,14.4277,44.7067,0.410656,8.14352,35.3647,0.5
rmse,last,9,0.001,70,500,1.0,0.0,3,2,5,1,10,551,97,14.3928,44.6809,0.411978,7.97852,35.0764,0.5
rmse,last,9,0.001,70,500,1.0,0.0,3,2,5,1,10,551,98,14.3671,44.6614,0.412056,7.88736,34.9116,0.514286
rmse,last,9,0.001,70,500,1.0,0.0,3,2,5,1,10,551,99,14.3674,44.6632,0.411097,7.90554,35.0781,0.514286
rmse,last,9,0.001,70,500,1.0,0.0,3,2,5,1,10,551,100,14.3758,44.6712,0.410656,7.89759,35.1939,0.514286
rmse,last,9,0.001,70,500,1.0,0.0,3,2,5,1,10,551,-1,14.7858,44.8582,0.406326,13.5075,42.9259,0.385714
rmse,last,9,0.001,70,500,1.0,0.0,3,2,5,1,10,551,101,14.381,44.6757,0.410786,7.85291,35.115,0.528571
rmse,last,9,0.001,70,500,1.0,0.0,3,2,5,1,10,551,102,14.3925,44.6784,0.411123,8.05044,35.423,0.514286
rmse,last,9,0.001,70,500,1.0,0.0,3,2,5,1,10,551,103,14.379,44.6751,0.412004,7.7653,34.7808,0.5
rmse,last,9,0.001,70,500,1.0,0.0,3,2,5,1,10,551,104,14.4006,44.6908,0.412134,7.68844,34.8092,0.514286
rmse,last,9,0.001,70,500,1.0,0.0,3,2,5,1,10,551,105,14.43,44.7068,0.410552,7.7865,34.9601,0.5
rmse,last,9,0.001,70,500,1.0,0.0,3,2,5,1,10,551,106,14.4385,44.7104,0.410993,7.88088,35.0363,0.5
rmse,last,9,0.001,70,500,1.0,0.0,3,2,5,1,10,551,107,14.4256,44.7042,0.410786,7.71637,34.8587,0.485714
rmse,last,9,0.001,70,500,1.0,0.0,3,2,5,1,10,551,108,14.4054,44.6919,0.411486,7.56969,34.5808,0.514286
rmse,last,9,0.001,70,500,1.0,0.0,3,2,5,1,10,551,109,14.3998,44.6879,0.411278,7.48215,34.5437,0.514286
rmse,last,9,0.001,70,500,1.0,0.0,3,2,5,1,10,551,110,14.3954,44.6891,0.411123,7.47338,34.6301,0.528571
rmse,last,9,0.001,70,500,1.0,0.0,3,2,5,1,10,551,111,14.3859,44.6876,0.411382,7.46618,34.5879,0.528571
rmse,last,9,0.001,70,500,1.0,0.0,3,2,5,1,10,551,112,14.3915,44.687,0.411693,7.77287,35.1,0.528571
rmse,last,9,0.001,70,500,1.0,0.0,3,2,5,1,10,551,113,14.3895,44.6898,0.412186,7.57547,34.8648,0.528571
rmse,last,9,0.001,70,500,1.0,0.0,3,2,5,1,10,551,114,14.3887,44.6853,0.412315,7.21711,34.4169,0.514286
rmse,last,9,0.001,70,500,1.0,0.0,3,2,5,1,10,551,115,14.4266,44.7075,0.410371,7.36505,34.4885,0.485714
rmse,last,9,0.001,70,500,1.0,0.0,3,2,5,1,10,551,116,14.4567,44.7242,0.4091,7.82672,34.9932,0.5
rmse,last,9,0.001,70,500,1.0,0.0,3,2,5,1,10,551,117,14.431,44.7124,0.409982,7.35689,34.5258,0.514286
rmse,last,9,0.001,70,500,1.0,0.0,3,2,5,1,10,551,118,14.3993,44.6931,0.411019,7.06136,34.2542,0.528571
rmse,last,9,0.001,70,500,1.0,0.0,3,2,5,1,10,551,119,14.3838,44.6862,0.411149,7.20493,34.2953,0.528571
rmse,last,9,0.001,70,500,1.0,0.0,3,2,5,1,10,551,120,14.3841,44.6891,0.411123,7.34386,34.4384,0.528571
rmse,last,9,0.001,70,500,1.0,0.0,3,2,5,1,10,551,121,14.3846,44.691,0.410708,7.37398,34.4847,0.528571
rmse,last,9,0.001,70,500,1.0,0.0,3,2,5,1,10,551,122,14.3829,44.6905,0.410967,7.3214,34.3875,0.528571
rmse,last,9,0.001,70,500,1.0,0.0,3,2,5,1,10,551,123,14.385,44.6919,0.411071,7.18589,34.1967,0.514286
rmse,last,9,0.001,70,500,1.0,0.0,3,2,5,1,10,551,124,14.3985,44.7005,0.411123,7.07521,34.0081,0.514286
rmse,last,9,0.001,70,500,1.0,0.0,3,2,5,1,10,551,125,14.4222,44.7163,0.409774,7.05681,34.0428,0.557143
rmse,last,9,0.001,70,500,1.0,0.0,3,2,5,1,10,551,126,14.4378,44.7263,0.408789,7.13156,34.1827,0.557143
rmse,last,9,0.001,70,500,1.0,0.0,3,2,5,1,10,551,127,14.4351,44.7262,0.40923,7.07013,34.0922,0.542857
rmse,last,9,0.001,70,500,1.0,0.0,3,2,5,1,10,551,128,14.4201,44.7188,0.409956,7.0172,33.9014,0.542857
rmse,last,9,0.001,70,500,1.0,0.0,3,2,5,1,10,551,129,14.406,44.7108,0.410371,7.03721,33.8707,0.528571
rmse,last,9,0.001,70,500,1.0,0.0,3,2,5,1,10,551,130,14.402,44.709,0.410967,7.01151,33.941,0.528571
rmse,last,9,0.001,70,500,1.0,0.0,3,2,5,1,10,551,131,14.4037,44.7109,0.410889,6.99268,33.9486,0.528571
rmse,last,9,0.001,70,500,1.0,0.0,3,2,5,1,10,551,132,14.4086,44.715,0.410967,6.98778,33.8575,0.528571
rmse,last,9,0.001,70,500,1.0,0.0,3,2,5,1,10,551,133,14.4186,44.7229,0.41006,6.99881,33.7501,0.528571
rmse,last,9,0.001,70,500,1.0,0.0,3,2,5,1,10,551,134,14.4316,44.7327,0.409904,6.96169,33.7409,0.528571
rmse,last,9,0.001,70,500,1.0,0.0,3,2,5,1,10,551,135,14.4433,44.7407,0.409671,6.93489,33.7716,0.557143
rmse,last,9,0.001,70,500,1.0,0.0,3,2,5,1,10,551,136,14.4469,44.7439,0.409282,6.9442,33.7507,0.528571
rmse,last,9,0.001,70,500,1.0,0.0,3,2,5,1,10,551,137,14.4399,44.7403,0.409386,6.91821,33.6607,0.542857
rmse,last,9,0.001,70,500,1.0,0.0,3,2,5,1,10,551,138,14.4318,44.7354,0.410034,6.90978,33.62,0.528571
rmse,last,9,0.001,70,500,1.0,0.0,3,2,5,1,10,551,139,14.4265,44.7321,0.411019,6.88742,33.6258,0.528571
rmse,last,9,0.001,70,500,1.0,0.0,3,2,5,1,10,551,140,14.4259,44.7321,0.410734,6.84959,33.6185,0.528571
rmse,last,9,0.001,70,500,1.0,0.0,3,2,5,1,10,551,141,14.4306,44.7361,0.410682,6.82425,33.5712,0.542857
rmse,last,9,0.001,70,500,1.0,0.0,3,2,5,1,10,551,142,14.4386,44.7429,0.410319,6.81849,33.5072,0.542857
rmse,last,9,0.001,70,500,1.0,0.0,3,2,5,1,10,551,143,14.4472,44.7501,0.410008,6.78821,33.4838,0.542857
rmse,last,9,0.001,70,500,1.0,0.0,3,2,5,1,10,551,144,14.454,44.7555,0.410267,6.75606,33.4775,0.557143
rmse,last,9,0.001,70,500,1.0,0.0,3,2,5,1,10,551,145,14.4559,44.7576,0.410189,6.74762,33.4455,0.528571
rmse,last,9,0.001,70,500,1.0,0.0,3,2,5,1,10,551,146,14.4519,44.7555,0.410423,6.73363,33.3868,0.542857
rmse,last,9,0.001,70,500,1.0,0.0,3,2,5,1,10,551,147,14.4465,44.7522,0.410604,6.73026,33.353,0.542857
rmse,last,9,0.001,70,500,1.0,0.0,3,2,5,1,10,551,148,14.4433,44.7508,0.4105,6.7174,33.3397,0.542857
rmse,last,9,0.001,70,500,1.0,0.0,3,2,5,1,10,551,149,14.4446,44.7525,0.410111,6.69192,33.3081,0.542857
rmse,last,9,0.001,70,500,1.0,0.0,3,2,5,1,10,551,150,14.4501,44.7571,0.4105,6.67299,33.26,0.542857
rmse,last,9,0.001,70,500,1.0,0.0,3,2,5,1,10,551,-1,14.9169,45.0017,0.407441,12.9668,42.0527,0.371429
rmse,last,9,0.001,70,500,1.0,0.0,3,2,5,1,10,551,151,14.457,44.7628,0.410293,6.64484,33.2221,0.542857
rmse,last,9,0.001,70,500,1.0,0.0,3,2,5,1,10,551,152,14.4623,44.7667,0.41076,6.60177,33.2029,0.542857
rmse,last,9,0.001,70,500,1.0,0.0,3,2,5,1,10,551,153,14.4651,44.7685,0.410474,6.57198,33.1654,0.557143
rmse,last,9,0.001,70,500,1.0,0.0,3,2,5,1,10,551,154,14.4654,44.7683,0.4105,6.55077,33.1103,0.542857
rmse,last,9,0.001,70,500,1.0,0.0,3,2,5,1,10,551,155,14.4636,44.7672,0.410708,6.57767,33.0781,0.542857
rmse,last,9,0.001,70,500,1.0,0.0,3,2,5,1,10,551,156,14.4595,44.7653,0.41063,6.48892,33.1736,0.557143
rmse,last,9,0.001,70,500,1.0,0.0,3,2,5,1,10,551,157,14.4571,44.7644,0.410682,6.49373,33.0913,0.542857
rmse,last,9,0.001,70,500,1.0,0.0,3,2,5,1,10,551,158,14.4604,44.7704,0.411693,6.73212,33.1719,0.542857
rmse,last,9,0.001,70,500,1.0,0.0,3,2,5,1,10,551,159,14.464,44.7632,0.410267,7.18904,34.7808,0.5
rmse,last,9,0.001,70,500,1.0,0.0,3,2,5,1,10,551,160,14.4291,44.7566,0.411823,6.43776,33.1941,0.542857
rmse,last,9,0.001,70,500,1.0,0.0,3,2,5,1,10,551,161,14.4291,44.7613,0.412186,6.77251,33.8657,0.557143
rmse,last,9,0.001,70,500,1.0,0.0,3,2,5,1,10,551,162,14.4418,44.7748,0.411589,6.55959,33.1973,0.542857
rmse,last,9,0.001,70,500,1.0,0.0,3,2,5,1,10,551,163,14.4671,44.7864,0.410941,6.92507,33.8124,0.542857
rmse,last,9,0.001,70,500,1.0,0.0,3,2,5,1,10,551,164,14.4513,44.7806,0.4105,6.52021,33.2705,0.542857
rmse,last,9,0.001,70,500,1.0,0.0,3,2,5,1,10,551,165,14.4272,44.7679,0.412186,6.73638,33.3032,0.528571
rmse,last,9,0.001,70,500,1.0,0.0,3,2,5,1,10,551,166,14.4098,44.7553,0.412782,6.67632,33.4678,0.542857
rmse,last,9,0.001,70,500,1.0,0.0,3,2,5,1,10,551,167,14.4271,44.7646,0.411563,6.42096,33.2372,0.557143
rmse,last,9,0.001,70,500,1.0,0.0,3,2,5,1,10,551,168,14.4492,44.7741,0.410241,6.47343,33.5535,0.528571
rmse,last,9,0.001,70,500,1.0,0.0,3,2,5,1,10,551,169,14.4447,44.7792,0.411174,6.33947,33.057,0.542857
rmse,last,9,0.001,70,500,1.0,0.0,3,2,5,1,10,551,170,14.4314,44.7732,0.412445,6.7402,33.357,0.514286
rmse,last,9,0.001,70,500,1.0,0.0,3,2,5,1,10,551,171,14.4368,44.7752,0.412134,6.65313,33.1647,0.542857
rmse,last,9,0.001,70,500,1.0,0.0,3,2,5,1,10,551,172,14.4531,44.7813,0.410708,6.42678,32.9681,0.514286
rmse,last,9,0.001,70,500,1.0,0.0,3,2,5,1,10,551,173,14.4551,44.778,0.410552,6.38895,33.1171,0.514286
rmse,last,9,0.001,70,500,1.0,0.0,3,2,5,1,10,551,174,14.4395,44.7723,0.411304,6.47151,32.8657,0.542857
rmse,last,9,0.001,70,500,1.0,0.0,3,2,5,1,10,551,175,14.4316,44.7648,0.412212,6.65869,32.9949,0.528571
rmse,last,9,0.001,70,500,1.0,0.0,3,2,5,1,10,551,176,14.4458,44.7713,0.411771,6.46911,32.8281,0.528571
rmse,last,9,0.001,70,500,1.0,0.0,3,2,5,1,10,551,177,14.4647,44.78,0.411615,6.53007,32.8094,0.514286
rmse,last,9,0.001,70,500,1.0,0.0,3,2,5,1,10,551,178,14.4706,44.7812,0.41133,6.56889,32.8513,0.528571
rmse,last,9,0.001,70,500,1.0,0.0,3,2,5,1,10,551,179,14.4585,44.7764,0.412134,6.40655,32.6386,0.542857
rmse,last,9,0.001,70,500,1.0,0.0,3,2,5,1,10,551,180,14.4554,44.7771,0.412004,6.28023,32.8318,0.557143
rmse,last,9,0.001,70,500,1.0,0.0,3,2,5,1,10,551,181,14.5162,44.7675,0.41063,8.7367,36.619,0.471429
rmse,last,9,0.001,70,500,1.0,0.0,3,2,5,1,10,551,182,14.4851,44.7684,0.412082,7.55818,34.8368,0.514286
rmse,last,9,0.001,70,500,1.0,0.0,3,2,5,1,10,551,183,14.4357,44.7707,0.4126,6.66301,33.7005,0.542857
rmse,last,9,0.001,70,500,1.0,0.0,3,2,5,1,10,551,184,14.4237,44.7589,0.41343,6.70099,33.6473,0.557143
rmse,last,9,0.001,70,500,1.0,0.0,3,2,5,1,10,551,185,14.4199,44.7567,0.413793,5.9862,32.8603,0.557143
rmse,last,9,0.001,70,500,1.0,0.0,3,2,5,1,10,551,186,14.434,44.7617,0.414441,6.6403,34.0244,0.528571
rmse,last,9,0.001,70,500,1.0,0.0,3,2,5,1,10,551,187,14.4007,44.7501,0.413923,6.07301,33.0391,0.557143
rmse,last,9,0.001,70,500,1.0,0.0,3,2,5,1,10,551,188,14.3924,44.7506,0.413223,6.59209,33.7247,0.528571
rmse,last,9,0.001,70,500,1.0,0.0,3,2,5,1,10,551,189,14.4026,44.7566,0.413741,6.30944,33.3285,0.528571
rmse,last,9,0.001,70,500,1.0,0.0,3,2,5,1,10,551,190,14.4259,44.769,0.414441,5.93431,33.0735,0.557143
rmse,last,9,0.001,70,500,1.0,0.0,3,2,5,1,10,551,191,14.4455,44.7804,0.414415,6.12742,33.4177,0.542857
rmse,last,9,0.001,70,500,1.0,0.0,3,2,5,1,10,551,192,14.4406,44.7809,0.413223,6.02666,32.8762,0.542857
rmse,last,9,0.001,70,500,1.0,0.0,3,2,5,1,10,551,193,14.4309,44.7736,0.413767,6.40671,33.4904,0.542857
rmse,last,9,0.001,70,500,1.0,0.0,3,2,5,1,10,551,194,14.4252,44.768,0.414519,5.92971,32.7973,0.542857
rmse,last,9,0.001,70,500,1.0,0.0,3,2,5,1,10,551,195,14.4306,44.7722,0.413975,6.01679,33.2151,0.528571
rmse,last,9,0.001,70,500,1.0,0.0,3,2,5,1,10,551,196,14.418,44.7716,0.413715,6.01816,32.7449,0.528571
rmse,last,9,0.001,70,500,1.0,0.0,3,2,5,1,10,551,197,14.4082,44.7614,0.413638,6.3557,32.9537,0.528571
rmse,last,9,0.001,70,500,1.0,0.0,3,2,5,1,10,551,198,14.4213,44.7662,0.414675,6.36951,32.8072,0.542857
rmse,last,9,0.001,70,500,1.0,0.0,3,2,5,1,10,551,199,14.4513,44.7868,0.413871,6.04138,32.4825,0.542857
rmse,last,9,0.001,70,500,1.0,0.0,3,2,5,1,10,551,200,14.469,44.7872,0.413638,6.07996,32.9561,0.542857
rmse,last,9,0.001,70,500,1.0,0.0,3,2,5,1,10,551,-1,14.9862,45.0487,0.408867,13.5022,43.0051,0.371429
rmse,last,9,0.001,70,500,1.0,0.0,3,2,5,1,10,551,201,14.4567,44.7759,0.413767,5.75857,32.5796,0.542857
rmse,last,9,0.001,70,500,1.0,0.0,3,2,5,1,10,551,202,14.4523,44.7693,0.414908,5.86084,32.821,0.571429
rmse,last,9,0.001,70,500,1.0,0.0,3,2,5,1,10,551,203,14.4613,44.7725,0.414986,5.77322,32.7043,0.571429
rmse,last,9,0.001,70,500,1.0,0.0,3,2,5,1,10,551,204,14.4808,44.7833,0.413975,5.72575,32.5671,0.542857
rmse,last,9,0.001,70,500,1.0,0.0,3,2,5,1,10,551,205,14.4924,44.791,0.414052,5.92967,32.6762,0.557143
rmse,last,9,0.001,70,500,1.0,0.0,3,2,5,1,10,551,206,14.482,44.7889,0.413663,5.81384,32.3752,0.542857
rmse,last,9,0.001,70,500,1.0,0.0,3,2,5,1,10,551,207,14.475,44.7767,0.414208,6.02549,32.3399,0.542857
rmse,last,9,0.001,70,500,1.0,0.0,3,2,5,1,10,551,208,14.4794,44.7768,0.413793,5.86174,32.297,0.542857
rmse,last,9,0.001,70,500,1.0,0.0,3,2,5,1,10,551,209,14.4924,44.7773,0.413897,5.61655,32.4599,0.571429
rmse,last,9,0.001,70,500,1.0,0.0,3,2,5,1,10,551,210,14.5286,44.7932,0.412886,5.71876,32.8727,0.571429
rmse,last,9,0.001,70,500,1.0,0.0,3,2,5,1,10,551,211,14.5482,44.8027,0.412938,6.0014,33.1478,0.571429
rmse,last,9,0.001,70,500,1.0,0.0,3,2,5,1,10,551,212,14.5305,44.7927,0.412704,5.71885,32.6375,0.571429
rmse,last,9,0.001,70,500,1.0,0.0,3,2,5,1,10,551,213,14.492,44.7685,0.413767,5.52302,32.2778,0.571429
rmse,last,9,0.001,70,500,1.0,0.0,3,2,5,1,10,551,214,14.4706,44.7568,0.413093,5.63513,32.3234,0.557143
rmse,last,9,0.001,70,500,1.0,0.0,3,2,5,1,10,551,215,14.4751,44.7619,0.412626,5.78567,32.5215,0.557143
rmse,last,9,0.001,70,500,1.0,0.0,3,2,5,1,10,551,216,14.4819,44.7648,0.41203,5.8403,32.6491,0.571429
rmse,last,9,0.001,70,500,1.0,0.0,3,2,5,1,10,551,217,14.4809,44.7603,0.412186,5.78746,32.4725,0.557143
rmse,last,9,0.001,70,500,1.0,0.0,3,2,5,1,10,551,218,14.4839,44.7543,0.413067,5.73254,32.3536,0.542857
rmse,last,9,0.001,70,500,1.0,0.0,3,2,5,1,10,551,219,14.5022,44.7606,0.413093,5.56129,32.2365,0.557143
rmse,last,9,0.001,70,500,1.0,0.0,3,2,5,1,10,551,220,14.5315,44.7748,0.412704,5.70594,32.219,0.542857
rmse,last,9,0.001,70,500,1.0,0.0,3,2,5,1,10,551,221,14.5559,44.7862,0.412678,5.84312,32.3422,0.557143
rmse,last,9,0.001,70,500,1.0,0.0,3,2,5,1,10,551,222,14.5596,44.7861,0.412523,5.76882,32.3069,0.542857
rmse,last,9,0.001,70,500,1.0,0.0,3,2,5,1,10,551,223,14.5457,44.7777,0.412497,5.70748,32.113,0.542857
rmse,last,9,0.001,70,500,1.0,0.0,3,2,5,1,10,551,224,14.5304,44.7697,0.412419,5.63729,32.0303,0.542857
rmse,last,9,0.001,70,500,1.0,0.0,3,2,5,1,10,551,225,14.5229,44.7653,0.412471,5.69015,32.0559,0.557143
rmse,last,9,0.001,70,500,1.0,0.0,3,2,5,1,10,551,226,14.524,44.7652,0.412393,5.74337,32.0671,0.557143
rmse,last,9,0.001,70,500,1.0,0.0,3,2,5,1,10,551,227,14.5307,44.7692,0.412471,5.75601,31.9942,0.557143
rmse,last,9,0.001,70,500,1.0,0.0,3,2,5,1,10,551,228,14.542,44.7762,0.412575,5.79311,31.8683,0.542857
rmse,last,9,0.001,70,500,1.0,0.0,3,2,5,1,10,551,229,14.558,44.7847,0.412004,5.85016,31.8174,0.542857
rmse,last,9,0.001,70,500,1.0,0.0,3,2,5,1,10,551,230,14.5705,44.7908,0.411926,5.81842,31.8616,0.528571
rmse,last,9,0.001,70,500,1.0,0.0,3,2,5,1,10,551,231,14.5751,44.7939,0.411641,5.86624,31.8144,0.528571
rmse,last,9,0.001,70,500,1.0,0.0,3,2,5,1,10,551,232,14.5717,44.7921,0.411978,5.88195,31.7029,0.542857
rmse,last,9,0.001,70,500,1.0,0.0,3,2,5,1,10,551,233,14.5676,44.7862,0.411693,5.82083,31.6871,0.542857
rmse,last,9,0.001,70,500,1.0,0.0,3,2,5,1,10,551,234,14.5695,44.7846,0.4119,5.77824,31.6977,0.542857
rmse,last,9,0.001,70,500,1.0,0.0,3,2,5,1,10,551,235,14.577,44.7897,0.411278,5.77214,31.6324,0.542857
rmse,last,9,0.001,70,500,1.0,0.0,3,2,5,1,10,551,236,14.5888,44.7969,0.411434,5.80035,31.5618,0.542857
rmse,last,9,0.001,70,500,1.0,0.0,3,2,5,1,10,551,237,14.6015,44.8035,0.411512,5.76403,31.5615,0.542857
rmse,last,9,0.001,70,500,1.0,0.0,3,2,5,1,10,551,238,14.6078,44.8075,0.411174,5.76067,31.5362,0.542857
rmse,last,9,0.001,70,500,1.0,0.0,3,2,5,1,10,551,239,14.6054,44.8059,0.411615,5.79212,31.4869,0.528571
rmse,last,9,0.001,70,500,1.0,0.0,3,2,5,1,10,551,240,14.6013,44.8001,0.41133,5.70521,31.4419,0.542857
rmse,last,9,0.001,70,500,1.0,0.0,3,2,5,1,10,551,241,14.6004,44.7962,0.411537,5.66722,31.4416,0.542857
rmse,last,9,0.001,70,500,1.0,0.0,3,2,5,1,10,551,242,14.6021,44.7979,0.411356,5.66034,31.3947,0.542857
rmse,last,9,0.001,70,500,1.0,0.0,3,2,5,1,10,551,243,14.6078,44.8031,0.411563,5.68396,31.3634,0.542857
rmse,last,9,0.001,70,500,1.0,0.0,3,2,5,1,10,551,244,14.6167,44.8097,0.411589,5.70659,31.3268,0.528571
rmse,last,9,0.001,70,500,1.0,0.0,3,2,5,1,10,551,245,14.6221,44.8134,0.411304,5.71916,31.3207,0.528571
rmse,last,9,0.001,70,500,1.0,0.0,3,2,5,1,10,551,246,14.6207,44.812,0.411823,5.71769,31.2852,0.542857
rmse,last,9,0.001,70,500,1.0,0.0,3,2,5,1,10,551,247,14.619,44.8083,0.411356,5.69682,31.2571,0.542857
rmse,last,9,0.001,70,500,1.0,0.0,3,2,5,1,10,551,248,14.62,44.806,0.410967,5.68627,31.2456,0.542857
rmse,last,9,0.001,70,500,1.0,0.0,3,2,5,1,10,551,249,14.6217,44.8059,0.4112,5.67561,31.2145,0.542857
rmse,last,9,0.001,70,500,1.0,0.0,3,2,5,1,10,551,250,14.6252,44.8083,0.411641,5.67612,31.192,0.542857
rmse,last,9,0.001,70,500,1.0,0.0,3,2,5,1,10,551,-1,15.162,45.0853,0.408245,15.0878,43.7926,0.357143
rmse,last,9,0.001,70,500,1.0,0.0,3,2,5,1,10,551,251,14.6312,44.8116,0.411356,5.66767,31.1645,0.542857
rmse,last,9,0.001,70,500,1.0,0.0,3,2,5,1,10,551,252,14.6342,44.8119,0.411615,5.65237,31.1492,0.528571
rmse,last,9,0.001,70,500,1.0,0.0,3,2,5,1,10,551,253,14.6324,44.8082,0.411563,5.62894,31.1197,0.542857
rmse,last,9,0.001,70,500,1.0,0.0,3,2,5,1,10,551,254,14.6318,44.8048,0.411589,5.59445,31.1011,0.542857
rmse,last,9,0.001,70,500,1.0,0.0,3,2,5,1,10,551,255,14.6338,44.8042,0.411771,5.57116,31.0894,0.542857
rmse,last,9,0.001,70,500,1.0,0.0,3,2,5,1,10,551,256,14.6365,44.8059,0.411797,5.56279,31.063,0.542857
rmse,last,9,0.001,70,500,1.0,0.0,3,2,5,1,10,551,257,14.6407,44.8091,0.412134,5.5659,31.0474,0.542857
rmse,last,9,0.001,70,500,1.0,0.0,3,2,5,1,10,551,258,14.645,44.8119,0.41203,5.56169,31.0309,0.542857
rmse,last,9,0.001,70,500,1.0,0.0,3,2,5,1,10,551,259,14.646,44.8116,0.411926,5.55156,31.0101,0.542857
rmse,last,9,0.001,70,500,1.0,0.0,3,2,5,1,10,551,260,14.645,44.8093,0.41203,5.53668,30.992,0.542857
rmse,last,9,0.001,70,500,1.0,0.0,3,2,5,1,10,551,261,14.6455,44.808,0.411693,5.52475,30.973,0.542857
rmse,last,9,0.001,70,500,1.0,0.0,3,2,5,1,10,551,262,14.6473,44.8083,0.411667,5.52264,30.9575,0.542857
rmse,last,9,0.001,70,500,1.0,0.0,3,2,5,1,10,551,263,14.6493,44.8094,0.411978,5.52214,30.9368,0.542857
rmse,last,9,0.001,70,500,1.0,0.0,3,2,5,1,10,551,264,14.6522,44.8111,0.411978,5.52268,30.9204,0.542857
rmse,last,9,0.001,70,500,1.0,0.0,3,2,5,1,10,551,265,14.6546,44.8115,0.412108,5.5155,30.9051,0.542857
rmse,last,9,0.001,70,500,1.0,0.0,3,2,5,1,10,551,266,14.6538,44.809,0.412341,5.503,30.8847,0.542857
rmse,last,9,0.001,70,500,1.0,0.0,3,2,5,1,10,551,267,14.653,44.8064,0.412341,5.48654,30.8691,0.542857
rmse,last,9,0.001,70,500,1.0,0.0,3,2,5,1,10,551,268,14.6551,44.8064,0.412549,5.47898,30.8514,0.542857
rmse,last,9,0.001,70,500,1.0,0.0,3,2,5,1,10,551,269,14.6573,44.8074,0.412626,5.47165,30.8315,0.542857
rmse,last,9,0.001,70,500,1.0,0.0,3,2,5,1,10,551,270,14.6591,44.8082,0.412704,5.46552,30.8153,0.542857
rmse,last,9,0.001,70,500,1.0,0.0,3,2,5,1,10,551,271,14.6612,44.8085,0.412704,5.45952,30.7962,0.542857
rmse,last,9,0.001,70,500,1.0,0.0,3,2,5,1,10,551,272,14.6613,44.8069,0.412808,5.4485,30.7768,0.542857
rmse,last,9,0.001,70,500,1.0,0.0,3,2,5,1,10,551,273,14.6597,44.8038,0.412652,5.43152,30.7569,0.542857
rmse,last,9,0.001,70,500,1.0,0.0,3,2,5,1,10,551,274,14.6604,44.8027,0.412808,5.42725,30.735,0.542857
rmse,last,9,0.001,70,500,1.0,0.0,3,2,5,1,10,551,275,14.6623,44.8029,0.412756,5.43174,30.7122,0.542857
rmse,last,9,0.001,70,500,1.0,0.0,3,2,5,1,10,551,276,14.6628,44.8022,0.413171,5.43086,30.6882,0.542857
rmse,last,9,0.001,70,500,1.0,0.0,3,2,5,1,10,551,277,14.6632,44.801,0.413378,5.43103,30.6648,0.542857
rmse,last,9,0.001,70,500,1.0,0.0,3,2,5,1,10,551,278,14.664,44.7996,0.413223,5.43281,30.6423,0.542857
rmse,last,9,0.001,70,500,1.0,0.0,3,2,5,1,10,551,279,14.6634,44.7975,0.413249,5.43019,30.6217,0.542857
rmse,last,9,0.001,70,500,1.0,0.0,3,2,5,1,10,551,280,14.6644,44.7972,0.413197,5.43141,30.603,0.542857
rmse,last,9,0.001,70,500,1.0,0.0,3,2,5,1,10,551,281,14.6672,44.7987,0.413093,5.43709,30.5849,0.542857
rmse,last,9,0.001,70,500,1.0,0.0,3,2,5,1,10,551,282,14.6687,44.7994,0.413067,5.43411,30.5671,0.542857
rmse,last,9,0.001,70,500,1.0,0.0,3,2,5,1,10,551,283,14.6696,44.7993,0.413171,5.42898,30.5495,0.542857
rmse,last,9,0.001,70,500,1.0,0.0,3,2,5,1,10,551,284,14.6708,44.7989,0.413171,5.42459,30.5316,0.542857
rmse,last,9,0.001,70,500,1.0,0.0,3,2,5,1,10,551,285,14.671,44.7979,0.41343,5.41362,30.5139,0.542857
rmse,last,9,0.001,70,500,1.0,0.0,3,2,5,1,10,551,286,14.6716,44.7974,0.413326,5.40358,30.4965,0.542857
rmse,last,9,0.001,70,500,1.0,0.0,3,2,5,1,10,551,287,14.6737,44.7979,0.413015,5.39966,30.4788,0.542857
rmse,last,9,0.001,70,500,1.0,0.0,3,2,5,1,10,551,288,14.6751,44.798,0.412834,5.39389,30.4618,0.542857
rmse,last,9,0.001,70,500,1.0,0.0,3,2,5,1,10,551,289,14.6757,44.7975,0.413015,5.38812,30.4451,0.542857
rmse,last,9,0.001,70,500,1.0,0.0,3,2,5,1,10,551,290,14.6769,44.797,0.413586,5.386,30.4284,0.542857
rmse,last,9,0.001,70,500,1.0,0.0,3,2,5,1,10,551,291,14.678,44.7968,0.413767,5.38497,30.4125,0.542857
rmse,last,9,0.001,70,500,1.0,0.0,3,2,5,1,10,551,292,14.6793,44.7973,0.413845,5.38302,30.3969,0.542857
rmse,last,9,0.001,70,500,1.0,0.0,3,2,5,1,10,551,293,14.682,44.7988,0.414026,5.38329,30.3816,0.542857
rmse,last,9,0.001,70,500,1.0,0.0,3,2,5,1,10,551,294,14.6846,44.8003,0.413897,5.38132,30.367,0.542857
rmse,last,9,0.001,70,500,1.0,0.0,3,2,5,1,10,551,295,14.6865,44.8011,0.413793,5.37563,30.3523,0.542857
rmse,last,9,0.001,70,500,1.0,0.0,3,2,5,1,10,551,296,14.6886,44.8017,0.413975,5.37114,30.3376,0.542857
rmse,last,9,0.001,70,500,1.0,0.0,3,2,5,1,10,551,297,14.691,44.8026,0.413767,5.36586,30.3233,0.528571
rmse,last,9,0.001,70,500,1.0,0.0,3,2,5,1,10,551,298,14.6936,44.8038,0.414001,5.35815,30.309,0.528571
rmse,last,9,0.001,70,500,1.0,0.0,3,2,5,1,10,551,299,14.6969,44.8052,0.414026,5.35641,30.2949,0.528571
rmse,last,9,0.001,70,500,1.0,0.0,3,2,5,1,10,551,300,14.7001,44.8063,0.413949,5.35706,30.281,0.528571
rmse,last,9,0.001,70,500,1.0,0.0,3,2,5,1,10,551,-1,15.26,45.0955,0.407934,14.9565,43.314,0.428571
rmse,last,9,0.001,70,500,1.0,0.0,3,2,5,1,10,551,301,14.7027,44.8069,0.414001,5.35619,30.2669,0.528571
rmse,last,9,0.001,70,500,1.0,0.0,3,2,5,1,10,551,302,14.7057,44.8075,0.414078,5.36213,30.2527,0.528571
rmse,last,9,0.001,70,500,1.0,0.0,3,2,5,1,10,551,303,14.709,44.8082,0.413871,5.37141,30.2384,0.528571
rmse,last,9,0.001,70,500,1.0,0.0,3,2,5,1,10,551,304,14.7125,44.8091,0.413949,5.37839,30.2241,0.528571
rmse,last,9,0.001,70,500,1.0,0.0,3,2,5,1,10,551,305,14.7163,44.8102,0.413923,5.38943,30.2099,0.528571
rmse,last,9,0.001,70,500,1.0,0.0,3,2,5,1,10,551,306,14.7199,44.811,0.413897,5.39842,30.1962,0.528571
rmse,last,9,0.001,70,500,1.0,0.0,3,2,5,1,10,551,307,14.7229,44.8115,0.413975,5.40204,30.183,0.528571
rmse,last,9,0.001,70,500,1.0,0.0,3,2,5,1,10,551,308,14.7264,44.8123,0.414026,5.40788,30.1706,0.528571
rmse,last,9,0.001,70,500,1.0,0.0,3,2,5,1,10,551,309,14.7298,44.8134,0.413793,5.4082,30.1588,0.528571
rmse,last,9,0.001,70,500,1.0,0.0,3,2,5,1,10,551,310,14.7333,44.8148,0.413949,5.40613,30.1475,0.542857
rmse,last,9,0.001,70,500,1.0,0.0,3,2,5,1,10,551,311,14.7368,44.8163,0.414156,5.4038,30.1366,0.542857
rmse,last,9,0.001,70,500,1.0,0.0,3,2,5,1,10,551,312,14.7395,44.8174,0.414104,5.39489,30.1259,0.557143
rmse,last,9,0.001,70,500,1.0,0.0,3,2,5,1,10,551,313,14.7424,44.8186,0.414208,5.38758,30.1155,0.557143
rmse,last,9,0.001,70,500,1.0,0.0,3,2,5,1,10,551,314,14.7452,44.8201,0.414182,5.38004,30.1053,0.557143
rmse,last,9,0.001,70,500,1.0,0.0,3,2,5,1,10,551,315,14.7479,44.8215,0.414208,5.37196,30.0953,0.557143
rmse,last,9,0.001,70,500,1.0,0.0,3,2,5,1,10,551,316,14.7507,44.8229,0.414234,5.36794,30.0856,0.557143
rmse,last,9,0.001,70,500,1.0,0.0,3,2,5,1,10,551,317,14.7531,44.8239,0.414286,5.36238,30.0759,0.557143
rmse,last,9,0.001,70,500,1.0,0.0,3,2,5,1,10,551,318,14.7555,44.8247,0.414286,5.35856,30.0663,0.557143
rmse,last,9,0.001,70,500,1.0,0.0,3,2,5,1,10,551,319,14.758,44.8258,0.414286,5.35673,30.0568,0.557143
rmse,last,9,0.001,70,500,1.0,0.0,3,2,5,1,10,551,320,14.7606,44.8269,0.41426,5.35377,30.0472,0.557143
rmse,last,9,0.001,70,500,1.0,0.0,3,2,5,1,10,551,321,14.7634,44.8281,0.414338,5.3531,30.0378,0.557143
rmse,last,9,0.001,70,500,1.0,0.0,3,2,5,1,10,551,322,14.766,44.8292,0.414338,5.3508,30.0285,0.557143
rmse,last,9,0.001,70,500,1.0,0.0,3,2,5,1,10,551,323,14.7685,44.8303,0.414338,5.34763,30.0192,0.557143
rmse,last,9,0.001,70,500,1.0,0.0,3,2,5,1,10,551,324,14.7712,44.8315,0.414208,5.34537,30.0101,0.557143
rmse,last,9,0.001,70,500,1.0,0.0,3,2,5,1,10,551,325,14.7738,44.8327,0.41426,5.34105,30.001,0.557143
rmse,last,9,0.001,70,500,1.0,0.0,3,2,5,1,10,551,326,14.7765,44.8342,0.41413,5.33763,29.9918,0.557143
rmse,last,9,0.001,70,500,1.0,0.0,3,2,5,1,10,551,327,14.7792,44.8355,0.414519,5.33302,29.9827,0.557143
rmse,last,9,0.001,70,500,1.0,0.0,3,2,5,1,10,551,328,14.7817,44.8368,0.414415,5.32695,29.9737,0.557143
rmse,last,9,0.001,70,500,1.0,0.0,3,2,5,1,10,551,329,14.7843,44.838,0.414493,5.32193,29.9647,0.557143
rmse,last,9,0.001,70,500,1.0,0.0,3,2,5,1,10,551,330,14.7869,44.8395,0.414467,5.3157,29.9558,0.557143
rmse,last,9,0.001,70,500,1.0,0.0,3,2,5,1,10,551,331,14.7897,44.841,0.414441,5.31048,29.947,0.557143
rmse,last,9,0.001,70,500,1.0,0.0,3,2,5,1,10,551,332,14.7925,44.8426,0.414467,5.30538,29.9382,0.557143
rmse,last,9,0.001,70,500,1.0,0.0,3,2,5,1,10,551,333,14.7952,44.844,0.414545,5.29951,29.9295,0.557143
rmse,last,9,0.001,70,500,1.0,0.0,3,2,5,1,10,551,334,14.798,44.8454,0.414441,5.29514,29.9209,0.557143
rmse,last,9,0.001,70,500,1.0,0.0,3,2,5,1,10,551,335,14.8008,44.8469,0.414519,5.29039,29.9123,0.557143
rmse,last,9,0.001,70,500,1.0,0.0,3,2,5,1,10,551,336,14.8038,44.8483,0.414467,5.2868,29.9037,0.557143
rmse,last,9,0.001,70,500,1.0,0.0,3,2,5,1,10,551,337,14.8067,44.8497,0.414441,5.28367,29.8952,0.557143
rmse,last,9,0.001,70,500,1.0,0.0,3,2,5,1,10,551,338,14.8094,44.851,0.414545,5.27985,29.8868,0.557143
rmse,last,9,0.001,70,500,1.0,0.0,3,2,5,1,10,551,339,14.8123,44.8523,0.414441,5.27708,29.8784,0.557143
rmse,last,9,0.001,70,500,1.0,0.0,3,2,5,1,10,551,340,14.815,44.8536,0.414389,5.27349,29.8701,0.557143
rmse,last,9,0.001,70,500,1.0,0.0,3,2,5,1,10,551,341,14.8178,44.8549,0.414364,5.27054,29.8618,0.557143
rmse,last,9,0.001,70,500,1.0,0.0,3,2,5,1,10,551,342,14.8206,44.8563,0.414389,5.26721,29.8535,0.557143
rmse,last,9,0.001,70,500,1.0,0.0,3,2,5,1,10,551,343,14.8232,44.8576,0.414519,5.26314,29.8453,0.557143
rmse,last,9,0.001,70,500,1.0,0.0,3,2,5,1,10,551,344,14.8259,44.8588,0.414545,5.25952,29.8371,0.557143
rmse,last,9,0.001,70,500,1.0,0.0,3,2,5,1,10,551,345,14.8285,44.8602,0.414441,5.25513,29.8289,0.557143
rmse,last,9,0.001,70,500,1.0,0.0,3,2,5,1,10,551,346,14.8313,44.8617,0.414571,5.25178,29.8207,0.557143
rmse,last,9,0.001,70,500,1.0,0.0,3,2,5,1,10,551,347,14.834,44.8631,0.414493,5.24803,29.8126,0.557143
rmse,last,9,0.001,70,500,1.0,0.0,3,2,5,1,10,551,348,14.8367,44.8645,0.414389,5.24477,29.8045,0.557143
rmse,last,9,0.001,70,500,1.0,0.0,3,2,5,1,10,551,349,14.8393,44.8658,0.414389,5.24183,29.7965,0.557143
rmse,last,9,0.001,70,500,1.0,0.0,3,2,5,1,10,551,350,14.842,44.8672,0.41426,5.23907,29.7884,0.557143
rmse,last,9,0.001,70,500,1.0,0.0,3,2,5,1,10,551,-1,15.3939,45.1679,0.407623,15.5792,43.8949,0.428571
rmse,last,9,0.001,70,500,1.0,0.0,3,2,5,1,10,551,351,14.8447,44.8685,0.414312,5.23718,29.7805,0.557143
rmse,last,9,0.001,70,500,1.0,0.0,3,2,5,1,10,551,352,14.8474,44.87,0.414208,5.23474,29.7725,0.557143
rmse,last,9,0.001,70,500,1.0,0.0,3,2,5,1,10,551,353,14.8501,44.8714,0.414156,5.23288,29.7646,0.557143
rmse,last,9,0.001,70,500,1.0,0.0,3,2,5,1,10,551,354,14.8528,44.8729,0.414234,5.23016,29.7567,0.557143
rmse,last,9,0.001,70,500,1.0,0.0,3,2,5,1,10,551,355,14.8554,44.8743,0.414234,5.22786,29.7488,0.557143
rmse,last,9,0.001,70,500,1.0,0.0,3,2,5,1,10,551,356,14.8581,44.8757,0.414208,5.22486,29.741,0.557143
rmse,last,9,0.001,70,500,1.0,0.0,3,2,5,1,10,551,357,14.8608,44.8772,0.414104,5.22177,29.7332,0.557143
rmse,last,9,0.001,70,500,1.0,0.0,3,2,5,1,10,551,358,14.8634,44.8786,0.414156,5.21821,29.7254,0.557143
rmse,last,9,0.001,70,500,1.0,0.0,3,2,5,1,10,551,359,14.8659,44.88,0.414026,5.21441,29.7177,0.557143
rmse,last,9,0.001,70,500,1.0,0.0,3,2,5,1,10,551,360,14.8686,44.8816,0.414052,5.21086,29.7099,0.557143
rmse,last,9,0.001,70,500,1.0,0.0,3,2,5,1,10,551,361,14.8712,44.883,0.414104,5.2071,29.7022,0.557143
rmse,last,9,0.001,70,500,1.0,0.0,3,2,5,1,10,551,362,14.8738,44.8845,0.414104,5.20385,29.6946,0.557143
rmse,last,9,0.001,70,500,1.0,0.0,3,2,5,1,10,551,363,14.8763,44.8859,0.41413,5.20024,29.6869,0.557143
rmse,last,9,0.001,70,500,1.0,0.0,3,2,5,1,10,551,364,14.8789,44.8874,0.414104,5.1974,29.6793,0.557143
rmse,last,9,0.001,70,500,1.0,0.0,3,2,5,1,10,551,365,14.8815,44.889,0.414026,5.1941,29.6717,0.557143
rmse,last,9,0.001,70,500,1.0,0.0,3,2,5,1,10,551,366,14.8841,44.8905,0.414156,5.1916,29.6641,0.557143
rmse,last,9,0.001,70,500,1.0,0.0,3,2,5,1,10,551,367,14.8867,44.892,0.414026,5.18828,29.6566,0.557143
rmse,last,9,0.001,70,500,1.0,0.0,3,2,5,1,10,551,368,14.8892,44.8935,0.413663,5.18576,29.6491,0.557143
rmse,last,9,0.001,70,500,1.0,0.0,3,2,5,1,10,551,369,14.8917,44.8951,0.413638,5.18219,29.6416,0.557143
rmse,last,9,0.001,70,500,1.0,0.0,3,2,5,1,10,551,370,14.8944,44.8967,0.413741,5.17968,29.6341,0.557143
rmse,last,9,0.001,70,500,1.0,0.0,3,2,5,1,10,551,371,14.8968,44.8982,0.413741,5.17571,29.6266,0.571429
rmse,last,9,0.001,70,500,1.0,0.0,3,2,5,1,10,551,372,14.8994,44.8998,0.413767,5.17323,29.6192,0.571429
rmse,last,9,0.001,70,500,1.0,0.0,3,2,5,1,10,551,373,14.9018,44.9014,0.413534,5.16869,29.6117,0.571429
rmse,last,9,0.001,70,500,1.0,0.0,3,2,5,1,10,551,374,14.9045,44.903,0.413534,5.16669,29.6043,0.571429
rmse,last,9,0.001,70,500,1.0,0.0,3,2,5,1,10,551,375,14.9068,44.9046,0.41356,5.16149,29.597,0.571429
rmse,last,9,0.001,70,500,1.0,0.0,3,2,5,1,10,551,376,14.9096,44.9063,0.413612,5.16061,29.5896,0.571429
rmse,last,9,0.001,70,500,1.0,0.0,3,2,5,1,10,551,377,14.9118,44.9078,0.413612,5.15394,29.5823,0.571429
rmse,last,9,0.001,70,500,1.0,0.0,3,2,5,1,10,551,378,14.9148,44.9096,0.413612,5.15535,29.575,0.571429
rmse,last,9,0.001,70,500,1.0,0.0,3,2,5,1,10,551,379,14.9167,44.9112,0.413508,5.14564,29.5679,0.571429
rmse,last,9,0.001,70,500,1.0,0.0,3,2,5,1,10,551,380,14.9202,44.913,0.413689,5.1521,29.561,0.571429
rmse,last,9,0.001,70,500,1.0,0.0,3,2,5,1,10,551,381,14.9213,44.9145,0.413456,5.13534,29.5546,0.571429
rmse,last,9,0.001,70,500,1.0,0.0,3,2,5,1,10,551,382,14.9261,44.9165,0.413741,5.1533,29.5494,0.557143
rmse,last,9,0.001,70,500,1.0,0.0,3,2,5,1,10,551,383,14.9254,44.918,0.413171,5.12159,29.5473,0.571429
rmse,last,9,0.001,70,500,1.0,0.0,3,2,5,1,10,551,384,14.9331,44.9204,0.413845,5.16675,29.552,0.557143
rmse,last,9,0.001,70,500,1.0,0.0,3,2,5,1,10,551,385,14.9281,44.9226,0.412549,5.11295,29.5812,0.557143
rmse,last,9,0.001,70,500,1.0,0.0,3,2,5,1,10,551,386,14.9431,44.9257,0.413586,5.21791,29.6582,0.557143
rmse,last,9,0.001,70,500,1.0,0.0,3,2,5,1,10,551,387,14.9287,44.9463,0.41216,5.14738,30.2918,0.542857
rmse,last,9,0.001,70,500,1.0,0.0,3,2,5,1,10,551,388,14.9568,44.9375,0.413275,5.26805,29.8707,0.557143
rmse,last,9,0.001,70,500,1.0,0.0,3,2,5,1,10,551,389,14.9348,44.9454,0.412212,5.07401,30.1034,0.557143
rmse,last,9,0.001,70,500,1.0,0.0,3,2,5,1,10,551,390,14.9575,44.9422,0.413534,5.18236,29.5912,0.557143
rmse,last,9,0.001,70,500,1.0,0.0,3,2,5,1,10,551,391,14.9527,44.9368,0.414052,5.11641,29.5704,0.557143
rmse,last,9,0.001,70,500,1.0,0.0,3,2,5,1,10,551,392,14.9408,44.9451,0.412419,4.9796,29.8265,0.557143
rmse,last,9,0.001,70,500,1.0,0.0,3,2,5,1,10,551,393,14.9671,44.949,0.413975,5.17596,29.6163,0.557143
rmse,last,9,0.001,70,500,1.0,0.0,3,2,5,1,10,551,394,14.9618,44.9482,0.413819,5.10524,29.4811,0.557143
rmse,last,9,0.001,70,500,1.0,0.0,3,2,5,1,10,551,395,14.9572,44.948,0.41273,5.09524,29.5679,0.557143
rmse,last,9,0.001,70,500,1.0,0.0,3,2,5,1,10,551,396,14.9733,44.9496,0.413767,5.15701,29.6248,0.557143
rmse,last,9,0.001,70,500,1.0,0.0,3,2,5,1,10,551,397,14.9604,44.9509,0.412808,5.08522,29.571,0.557143
rmse,last,9,0.001,70,500,1.0,0.0,3,2,5,1,10,551,398,14.9706,44.9502,0.414208,5.11736,29.4544,0.557143
rmse,last,9,0.001,70,500,1.0,0.0,3,2,5,1,10,551,399,14.9803,44.9557,0.414104,5.13669,29.5162,0.571429
rmse,last,9,0.001,70,500,1.0,0.0,3,2,5,1,10,551,400,14.9706,44.9622,0.412575,5.09051,29.5511,0.557143
rmse,last,9,0.001,70,500,1.0,0.0,3,2,5,1,10,551,-1,15.5756,45.2914,0.406482,16.1481,44.7185,0.4
rmse,last,9,0.001,70,500,1.0,0.0,3,2,5,1,10,551,401,14.9802,44.9575,0.413638,5.11093,29.4514,0.571429
rmse,last,9,0.001,70,500,1.0,0.0,3,2,5,1,10,551,402,14.9844,44.9606,0.413482,5.11807,29.4568,0.571429
rmse,last,9,0.001,70,500,1.0,0.0,3,2,5,1,10,551,403,14.9793,44.9706,0.412912,5.08757,29.506,0.557143
rmse,last,9,0.001,70,500,1.0,0.0,3,2,5,1,10,551,404,14.9905,44.966,0.413456,5.11729,29.4392,0.571429
rmse,last,9,0.001,70,500,1.0,0.0,3,2,5,1,10,551,405,14.9889,44.9661,0.414286,5.09876,29.411,0.557143
rmse,last,9,0.001,70,500,1.0,0.0,3,2,5,1,10,551,406,14.9841,44.974,0.412886,5.06274,29.4512,0.557143
rmse,last,9,0.001,70,500,1.0,0.0,3,2,5,1,10,551,407,14.993,44.9671,0.413741,5.10028,29.4164,0.571429
rmse,last,9,0.001,70,500,1.0,0.0,3,2,5,1,10,551,408,14.9932,44.9723,0.414001,5.0879,29.379,0.557143
rmse,last,9,0.001,70,500,1.0,0.0,3,2,5,1,10,551,409,14.9928,44.9801,0.412912,5.08391,29.4023,0.557143
rmse,last,9,0.001,70,500,1.0,0.0,3,2,5,1,10,551,410,15.0014,44.9742,0.413612,5.09817,29.3988,0.571429
rmse,last,9,0.001,70,500,1.0,0.0,3,2,5,1,10,551,411,14.9968,44.982,0.413326,5.0463,29.3625,0.557143
rmse,last,9,0.001,70,500,1.0,0.0,3,2,5,1,10,551,412,15.0005,44.9855,0.413612,5.04632,29.3496,0.557143
rmse,last,9,0.001,70,500,1.0,0.0,3,2,5,1,10,551,413,15.0098,44.9848,0.413352,5.08893,29.3668,0.571429
rmse,last,9,0.001,70,500,1.0,0.0,3,2,5,1,10,551,414,15.0046,44.9967,0.413275,5.04107,29.3627,0.557143
rmse,last,9,0.001,70,500,1.0,0.0,3,2,5,1,10,551,415,15.0125,44.9868,0.413482,5.06968,29.338,0.571429
rmse,last,9,0.001,70,500,1.0,0.0,3,2,5,1,10,551,416,15.0113,44.9886,0.413223,5.02806,29.3142,0.571429
rmse,last,9,0.001,70,500,1.0,0.0,3,2,5,1,10,551,417,15.0133,44.9896,0.413015,5.02722,29.3127,0.557143
rmse,last,9,0.001,70,500,1.0,0.0,3,2,5,1,10,551,418,15.0212,44.9855,0.413326,5.06878,29.3233,0.557143
rmse,last,9,0.001,70,500,1.0,0.0,3,2,5,1,10,551,419,15.015,44.9897,0.412912,5.00099,29.3226,0.557143
rmse,last,9,0.001,70,500,1.0,0.0,3,2,5,1,10,551,420,15.0236,44.985,0.413482,5.05429,29.306,0.571429
rmse,last,9,0.001,70,500,1.0,0.0,3,2,5,1,10,551,421,15.0223,44.9897,0.412704,5.00633,29.283,0.557143
rmse,last,9,0.001,70,500,1.0,0.0,3,2,5,1,10,551,422,15.0273,44.9908,0.413067,5.01752,29.2695,0.571429
rmse,last,9,0.001,70,500,1.0,0.0,3,2,5,1,10,551,423,15.03,44.9913,0.413612,5.02219,29.2654,0.571429
rmse,last,9,0.001,70,500,1.0,0.0,3,2,5,1,10,551,424,15.028,44.9947,0.412808,4.97631,29.2673,0.557143
rmse,last,9,0.001,70,500,1.0,0.0,3,2,5,1,10,551,425,15.0365,44.9947,0.413326,5.03931,29.2652,0.571429
rmse,last,9,0.001,70,500,1.0,0.0,3,2,5,1,10,551,426,15.0341,45.0011,0.4126,4.98766,29.2577,0.557143
rmse,last,9,0.001,70,500,1.0,0.0,3,2,5,1,10,551,427,15.0415,44.9994,0.413378,5.03172,29.2451,0.571429
rmse,last,9,0.001,70,500,1.0,0.0,3,2,5,1,10,551,428,15.0387,45.0041,0.412963,4.97587,29.2315,0.571429
rmse,last,9,0.001,70,500,1.0,0.0,3,2,5,1,10,551,429,15.044,45.004,0.4133,5.00537,29.2187,0.571429
rmse,last,9,0.001,70,500,1.0,0.0,3,2,5,1,10,551,430,15.0464,45.0084,0.413275,4.99428,29.2091,0.571429
rmse,last,9,0.001,70,500,1.0,0.0,3,2,5,1,10,551,431,15.0485,45.0112,0.413378,4.98707,29.2022,0.571429
rmse,last,9,0.001,70,500,1.0,0.0,3,2,5,1,10,551,432,15.052,45.0111,0.413249,4.99839,29.1973,0.571429
rmse,last,9,0.001,70,500,1.0,0.0,3,2,5,1,10,551,433,15.052,45.0166,0.413171,4.96247,29.1932,0.571429
rmse,last,9,0.001,70,500,1.0,0.0,3,2,5,1,10,551,434,15.0591,45.0155,0.413352,5.00242,29.1883,0.571429
rmse,last,9,0.001,70,500,1.0,0.0,3,2,5,1,10,551,435,15.058,45.0219,0.413041,4.95941,29.1825,0.557143
rmse,last,9,0.001,70,500,1.0,0.0,3,2,5,1,10,551,436,15.0645,45.0188,0.413119,4.9959,29.1752,0.571429
rmse,last,9,0.001,70,500,1.0,0.0,3,2,5,1,10,551,437,15.0631,45.0247,0.412963,4.94588,29.1666,0.557143
rmse,last,9,0.001,70,500,1.0,0.0,3,2,5,1,10,551,438,15.0704,45.0227,0.412989,4.98756,29.1568,0.571429
rmse,last,9,0.001,70,500,1.0,0.0,3,2,5,1,10,551,439,15.07,45.0272,0.41286,4.95321,29.1469,0.557143
rmse,last,9,0.001,70,500,1.0,0.0,3,2,5,1,10,551,440,15.0755,45.0261,0.412989,4.97663,29.1372,0.571429
rmse,last,9,0.001,70,500,1.0,0.0,3,2,5,1,10,551,441,15.0759,45.029,0.412912,4.94919,29.128,0.571429
rmse,last,9,0.001,70,500,1.0,0.0,3,2,5,1,10,551,442,15.0808,45.0298,0.413223,4.96617,29.1191,0.571429
rmse,last,9,0.001,70,500,1.0,0.0,3,2,5,1,10,551,443,15.0828,45.0325,0.412963,4.95339,29.1108,0.571429
rmse,last,9,0.001,70,500,1.0,0.0,3,2,5,1,10,551,444,15.086,45.0339,0.413223,4.95472,29.1027,0.571429
rmse,last,9,0.001,70,500,1.0,0.0,3,2,5,1,10,551,445,15.0883,45.0356,0.413249,4.94755,29.095,0.571429
rmse,last,9,0.001,70,500,1.0,0.0,3,2,5,1,10,551,446,15.091,45.0378,0.413145,4.94234,29.0873,0.571429
rmse,last,9,0.001,70,500,1.0,0.0,3,2,5,1,10,551,447,15.0945,45.0398,0.413067,4.94647,29.0799,0.571429
rmse,last,9,0.001,70,500,1.0,0.0,3,2,5,1,10,551,448,15.0958,45.0418,0.413145,4.93178,29.0725,0.571429
rmse,last,9,0.001,70,500,1.0,0.0,3,2,5,1,10,551,449,15.0997,45.0431,0.413093,4.94272,29.0655,0.571429
rmse,last,9,0.001,70,500,1.0,0.0,3,2,5,1,10,551,450,15.1005,45.046,0.41286,4.92058,29.0588,0.571429
rmse,last,9,0.001,70,500,1.0,0.0,3,2,5,1,10,551,-1,15.6911,45.3925,0.407208,17.3033,45.4053,0.4
rmse,last,9,0.001,70,500,1.0,0.0,3,2,5,1,10,551,451,15.106,45.0474,0.4133,4.94643,29.0532,0.571429
rmse,last,9,0.001,70,500,1.0,0.0,3,2,5,1,10,551,452,15.105,45.0509,0.412678,4.90862,29.0495,0.557143
rmse,last,9,0.001,70,500,1.0,0.0,3,2,5,1,10,551,453,15.1126,45.051,0.413171,4.95555,29.0501,0.571429
rmse,last,9,0.001,70,500,1.0,0.0,3,2,5,1,10,551,454,15.1089,45.0572,0.412575,4.89248,29.0588,0.557143
rmse,last,9,0.001,70,500,1.0,0.0,3,2,5,1,10,551,455,15.1218,45.0557,0.413352,4.98477,29.0856,0.557143
rmse,last,9,0.001,70,500,1.0,0.0,3,2,5,1,10,551,456,15.1119,45.0671,0.412704,4.86367,29.1559,0.557143
rmse,last,9,0.001,70,500,1.0,0.0,3,2,5,1,10,551,457,15.1326,45.0607,0.413197,5.05865,29.2628,0.557143
rmse,last,9,0.001,70,500,1.0,0.0,3,2,5,1,10,551,458,15.1136,45.0923,0.411952,4.89055,29.823,0.542857
rmse,last,9,0.001,70,500,1.0,0.0,3,2,5,1,10,551,459,15.151,45.0775,0.413145,5.13307,29.5588,0.557143
rmse,last,9,0.001,70,500,1.0,0.0,3,2,5,1,10,551,460,15.1206,45.0745,0.412263,4.73972,29.2939,0.585714
rmse,last,9,0.001,70,500,1.0,0.0,3,2,5,1,10,551,461,15.1357,45.0727,0.412445,4.85925,29.0399,0.571429
rmse,last,9,0.001,70,500,1.0,0.0,3,2,5,1,10,551,462,15.156,45.0905,0.412341,4.98691,29.0959,0.557143
rmse,last,9,0.001,70,500,1.0,0.0,3,2,5,1,10,551,463,15.136,45.0886,0.411849,4.87729,29.2853,0.557143
rmse,last,9,0.001,70,500,1.0,0.0,3,2,5,1,10,551,464,15.1656,45.0934,0.412652,4.98374,29.1725,0.557143
rmse,last,9,0.001,70,500,1.0,0.0,3,2,5,1,10,551,465,15.1409,45.0749,0.41273,4.77741,29.0004,0.557143
rmse,last,9,0.001,70,500,1.0,0.0,3,2,5,1,10,551,466,15.137,45.0708,0.412393,4.72652,29.0663,0.557143
rmse,last,9,0.001,70,500,1.0,0.0,3,2,5,1,10,551,467,15.1613,45.0814,0.412782,4.93803,29.0956,0.571429
rmse,last,9,0.001,70,500,1.0,0.0,3,2,5,1,10,551,468,15.158,45.0902,0.411849,4.94397,29.0131,0.557143
rmse,last,9,0.001,70,500,1.0,0.0,3,2,5,1,10,551,469,15.1676,45.0978,0.412212,4.96343,28.9888,0.557143
rmse,last,9,0.001,70,500,1.0,0.0,3,2,5,1,10,551,470,15.1726,45.095,0.413015,4.95317,28.9866,0.571429
rmse,last,9,0.001,70,500,1.0,0.0,3,2,5,1,10,551,471,15.157,45.0876,0.412445,4.76851,28.9884,0.557143
rmse,last,9,0.001,70,500,1.0,0.0,3,2,5,1,10,551,472,15.163,45.0926,0.412549,4.8051,28.9582,0.571429
rmse,last,9,0.001,70,500,1.0,0.0,3,2,5,1,10,551,473,15.185,45.107,0.41286,4.96671,28.9684,0.571429
rmse,last,9,0.001,70,500,1.0,0.0,3,2,5,1,10,551,474,15.1786,45.1096,0.412237,4.95368,28.9495,0.557143
rmse,last,9,0.001,70,500,1.0,0.0,3,2,5,1,10,551,475,15.1813,45.1064,0.412471,4.92857,28.897,0.557143
rmse,last,9,0.001,70,500,1.0,0.0,3,2,5,1,10,551,476,15.181,45.0987,0.412497,4.91519,28.9177,0.571429
rmse,last,9,0.001,70,500,1.0,0.0,3,2,5,1,10,551,477,15.1746,45.1039,0.412237,4.80401,28.9123,0.557143
rmse,last,9,0.001,70,500,1.0,0.0,3,2,5,1,10,551,478,15.1862,45.1043,0.412341,4.89345,28.8694,0.571429
rmse,last,9,0.001,70,500,1.0,0.0,3,2,5,1,10,551,479,15.194,45.1097,0.412756,4.91042,28.8761,0.557143
rmse,last,9,0.001,70,500,1.0,0.0,3,2,5,1,10,551,480,15.1869,45.1129,0.411823,4.85958,28.8862,0.557143
rmse,last,9,0.001,70,500,1.0,0.0,3,2,5,1,10,551,481,15.1976,45.1073,0.412575,4.92103,28.8928,0.571429
rmse,last,9,0.001,70,500,1.0,0.0,3,2,5,1,10,551,482,15.193,45.1142,0.412056,4.81255,28.8506,0.557143
rmse,last,9,0.001,70,500,1.0,0.0,3,2,5,1,10,551,483,15.2036,45.1176,0.412056,4.87011,28.8244,0.571429
rmse,last,9,0.001,70,500,1.0,0.0,3,2,5,1,10,551,484,15.2108,45.1201,0.412289,4.89266,28.8311,0.571429
rmse,last,9,0.001,70,500,1.0,0.0,3,2,5,1,10,551,485,15.2027,45.1203,0.411615,4.80223,28.8411,0.557143
rmse,last,9,0.001,70,500,1.0,0.0,3,2,5,1,10,551,486,15.2129,45.1154,0.412704,4.89694,28.8486,0.571429
rmse,last,9,0.001,70,500,1.0,0.0,3,2,5,1,10,551,487,15.2092,45.1218,0.41146,4.81213,28.8186,0.557143
rmse,last,9,0.001,70,500,1.0,0.0,3,2,5,1,10,551,488,15.2206,45.1229,0.412575,4.86531,28.799,0.571429
rmse,last,9,0.001,70,500,1.0,0.0,3,2,5,1,10,551,489,15.2163,45.1212,0.411952,4.81714,28.7778,0.571429
rmse,last,9,0.001,70,500,1.0,0.0,3,2,5,1,10,551,490,15.2164,45.1208,0.41203,4.79631,28.7748,0.571429
rmse,last,9,0.001,70,500,1.0,0.0,3,2,5,1,10,551,491,15.2248,45.1247,0.412626,4.84208,28.7687,0.571429
rmse,last,9,0.001,70,500,1.0,0.0,3,2,5,1,10,551,492,15.2251,45.1308,0.411667,4.8079,28.7696,0.557143
rmse,last,9,0.001,70,500,1.0,0.0,3,2,5,1,10,551,493,15.2338,45.1314,0.4126,4.854,28.7636,0.571429
rmse,last,9,0.001,70,500,1.0,0.0,3,2,5,1,10,551,494,15.2274,45.1323,0.411537,4.76171,28.7555,0.571429
rmse,last,9,0.001,70,500,1.0,0.0,3,2,5,1,10,551,495,15.2357,45.1318,0.412497,4.82894,28.743,0.571429
rmse,last,9,0.001,70,500,1.0,0.0,3,2,5,1,10,551,496,15.2383,45.1381,0.4119,4.80438,28.7284,0.571429
rmse,last,9,0.001,70,500,1.0,0.0,3,2,5,1,10,551,497,15.2438,45.1398,0.411978,4.82263,28.7203,0.571429
rmse,last,9,0.001,70,500,1.0,0.0,3,2,5,1,10,551,498,15.2437,45.1385,0.412056,4.80912,28.7099,0.571429
rmse,last,9,0.001,70,500,1.0,0.0,3,2,5,1,10,551,499,15.2436,45.1403,0.411797,4.77869,28.7071,0.571429
rmse,last,9,0.001,70,500,1.0,0.0,3,2,5,1,10,551,0,15.6686,45.4045,0.398522,18.5326,43.9637,0.328571
rmse,last,9,0.001,70,500,1.0,0.0,3,2,5,1,10,551,1,15.6801,45.484,0.397615,18.7001,43.7708,0.3
rmse,last,9,0.001,70,500,1.0,0.0,3,2,5,1,10,551,2,15.619,45.5232,0.397355,19.1075,44.0948,0.285714
rmse,last,9,0.001,70,500,1.0,0.0,3,2,5,1,10,551,3,15.5872,45.5114,0.398937,18.8613,44.3102,0.257143
rmse,last,9,0.001,70,500,1.0,0.0,3,2,5,1,10,551,4,15.585,45.5056,0.3993,18.461,44.5328,0.257143
rmse,last,9,0.001,70,500,1.0,0.0,3,2,5,1,10,551,5,15.5795,45.497,0.399456,18.6263,43.9003,0.285714
rmse,last,9,0.001,70,500,1.0,0.0,3,2,5,1,10,551,6,15.583,45.4763,0.399663,19.1071,43.4526,0.285714
rmse,last,9,0.001,70,500,1.0,0.0,3,2,5,1,10,551,7,15.5508,45.4358,0.398393,17.4213,42.5579,0.328571
rmse,last,9,0.001,70,500,1.0,0.0,3,2,5,1,10,551,8,15.5827,45.3944,0.398315,14.9675,41.8772,0.314286
rmse,last,9,0.001,70,500,1.0,0.0,3,2,5,1,10,551,9,15.6206,45.3949,0.400156,16.0485,43.0417,0.328571
rmse,last,9,0.001,70,500,1.0,0.0,3,2,5,1,10,551,10,15.6457,45.4302,0.398989,15.2096,42.3761,0.328571
rmse,last,9,0.001,70,500,1.0,0.0,3,2,5,1,10,551,11,15.5716,45.4202,0.398444,13.9402,40.3348,0.3
rmse,last,9,0.001,70,500,1.0,0.0,3,2,5,1,10,551,12,15.4887,45.4414,0.404589,14.3949,41.4679,0.385714
rmse,last,9,0.001,70,500,1.0,0.0,3,2,5,1,10,551,13,15.4129,45.3334,0.405341,14.9936,42.9992,0.414286
rmse,last,9,0.001,70,500,1.0,0.0,3,2,5,1,10,551,14,15.5262,45.4528,0.40267,14.315,40.9744,0.3
rmse,last,9,0.001,70,500,1.0,0.0,3,2,5,1,10,551,15,15.6397,45.4296,0.3993,13.4972,40.0706,0.328571
rmse,last,9,0.001,70,500,1.0,0.0,3,2,5,1,10,551,16,15.7374,45.4396,0.398781,18.1752,47.1292,0.371429
rmse,last,9,0.001,70,500,1.0,0.0,3,2,5,1,10,551,17,15.7291,45.4511,0.399507,18.786,47.9821,0.385714
rmse,last,9,0.001,70,500,1.0,0.0,3,2,5,1,10,551,18,15.6759,45.3808,0.399378,15.7347,45.8422,0.4
rmse,last,9,0.001,70,500,1.0,0.0,3,2,5,1,10,551,19,15.5114,45.2361,0.406352,14.6926,44.783,0.371429
rmse,last,9,0.001,70,500,1.0,0.0,3,2,5,1,10,551,20,15.4805,45.1436,0.406274,14.4799,44.5207,0.3
rmse,last,9,0.001,70,500,1.0,0.0,3,2,5,1,10,551,21,15.5624,45.157,0.400674,18.3898,44.2021,0.3
rmse,last,9,0.001,70,500,1.0,0.0,3,2,5,1,10,551,22,15.6933,45.1695,0.39663,19.8271,44.6514,0.285714
rmse,last,9,0.001,70,500,1.0,0.0,3,2,5,1,10,551,23,15.6679,45.1619,0.396552,19.0087,45.3069,0.242857
rmse,last,9,0.001,70,500,1.0,0.0,3,2,5,1,10,551,24,15.5908,45.0784,0.395333,18.9405,45.4432,0.257143
rmse,last,9,0.001,70,500,1.0,0.0,3,2,5,1,10,551,25,15.5946,45.0603,0.395774,18.3982,44.5456,0.271429
rmse,last,9,0.001,70,500,1.0,0.0,3,2,5,1,10,551,26,15.6084,45.0531,0.395229,18.8624,44.1334,0.314286
rmse,last,9,0.001,70,500,1.0,0.0,3,2,5,1,10,551,27,15.5973,45.0684,0.395541,19.7959,43.8131,0.357143
rmse,last,9,0.001,70,500,1.0,0.0,3,2,5,1,10,551,28,15.577,45.0526,0.394296,19.9411,43.6025,0.371429
rmse,last,9,0.001,70,500,1.0,0.0,3,2,5,1,10,551,29,15.5992,45.0617,0.394504,19.304,43.6263,0.371429
rmse,last,9,0.001,70,500,1.0,0.0,3,2,5,1,10,551,30,15.5718,45.0467,0.39497,16.7705,43.0925,0.414286
rmse,last,9,0.001,70,500,1.0,0.0,3,2,5,1,10,551,31,15.6419,45.0829,0.394037,14.9687,42.8421,0.4
rmse,last,9,0.001,70,500,1.0,0.0,3,2,5,1,10,551,32,15.686,45.0651,0.392637,14.8791,42.4993,0.4
rmse,last,9,0.001,70,500,1.0,0.0,3,2,5,1,10,551,33,15.6725,45.0638,0.393622,14.6155,41.9686,0.428571
rmse,last,9,0.001,70,500,1.0,0.0,3,2,5,1,10,551,34,15.6573,45.0598,0.394296,14.9856,41.8713,0.4
rmse,last,9,0.001,70,500,1.0,0.0,3,2,5,1,10,551,35,15.6591,45.07,0.393259,13.3669,41.3733,0.371429
rmse,last,9,0.001,70,500,1.0,0.0,3,2,5,1,10,551,36,15.655,45.0685,0.391729,14.2007,42.7478,0.342857
rmse,last,9,0.001,70,500,1.0,0.0,3,2,5,1,10,551,37,15.6401,45.0742,0.392507,13.8087,41.5686,0.385714
rmse,last,9,0.001,70,500,1.0,0.0,3,2,5,1,10,551,38,15.634,45.0743,0.392429,14.4829,41.772,0.4
rmse,last,9,0.001,70,500,1.0,0.0,3,2,5,1,10,551,39,15.6503,45.083,0.392948,12.9619,41.1508,0.357143
rmse,last,9,0.001,70,500,1.0,0.0,3,2,5,1,10,551,40,15.6521,45.0863,0.392792,13.1452,41.2423,0.357143
rmse,last,9,0.001,70,500,1.0,0.0,3,2,5,1,10,551,41,15.6477,45.0918,0.393155,12.8172,40.9959,0.328571
rmse,last,9,0.001,70,500,1.0,0.0,3,2,5,1,10,551,42,15.645,45.0963,0.393155,12.8928,41.0268,0.357143
rmse,last,9,0.001,70,500,1.0,0.0,3,2,5,1,10,551,43,15.6559,45.1061,0.392611,12.779,40.8914,0.371429
rmse,last,9,0.001,70,500,1.0,0.0,3,2,5,1,10,551,44,15.6636,45.1155,0.392144,12.7364,40.862,0.385714
rmse,last,9,0.001,70,500,1.0,0.0,3,2,5,1,10,551,45,15.6595,45.1202,0.3923,12.5745,40.7466,0.357143
rmse,last,9,0.001,70,500,1.0,0.0,3,2,5,1,10,551,46,15.6616,45.1265,0.392559,12.5445,40.7151,0.357143
rmse,last,9,0.001,70,500,1.0,0.0,3,2,5,1,10,551,47,15.6759,45.1379,0.392274,12.4862,40.6095,0.357143
rmse,last,9,0.001,70,500,1.0,0.0,3,2,5,1,10,551,48,15.6815,45.1444,0.392222,12.4303,40.5474,0.357143
rmse,last,9,0.001,70,500,1.0,0.0,3,2,5,1,10,551,49,15.6744,45.145,0.392403,12.2538,40.413,0.357143
rmse,last,9,0.001,70,500,1.0,0.0,3,2,5,1,10,551,50,15.6741,45.1484,0.3923,12.1165,40.3046,0.371429
rmse,last,9,0.001,70,500,1.0,0.0,3,2,5,1,10,551,-1,15.6378,45.0866,0.393311,11.5474,40.6666,0.4
rmse,last,9,0.001,70,500,1.0,0.0,3,2,5,1,10,551,51,15.6827,45.1559,0.39274,11.9927,40.1929,0.357143
rmse,last,9,0.001,70,500,1.0,0.0,3,2,5,1,10,551,52,15.6817,45.159,0.392585,11.9275,40.1121,0.357143
rmse,last,9,0.001,70,500,1.0,0.0,3,2,5,1,10,551,53,15.6728,45.1581,0.392559,11.9004,40.0603,0.385714
rmse,last,9,0.001,70,500,1.0,0.0,3,2,5,1,10,551,54,15.6741,45.1625,0.392844,11.8593,39.9815,0.371429
rmse,last,9,0.001,70,500,1.0,0.0,3,2,5,1,10,551,55,15.6791,45.1686,0.39287,11.8363,39.9517,0.371429
rmse,last,9,0.001,70,500,1.0,0.0,3,2,5,1,10,551,56,15.6722,45.1685,0.393311,11.815,39.8665,0.371429
rmse,last,9,0.001,70,500,1.0,0.0,3,2,5,1,10,551,57,15.6664,45.1686,0.393466,11.828,39.8331,0.385714
rmse,last,9,0.001,70,500,1.0,0.0,3,2,5,1,10,551,58,15.6704,45.1746,0.393129,11.7607,39.7633,0.371429
rmse,last,9,0.001,70,500,1.0,0.0,3,2,5,1,10,551,59,15.6671,45.1764,0.393207,11.7343,39.7054,0.371429
rmse,last,9,0.001,70,500,1.0,0.0,3,2,5,1,10,551,60,15.6584,45.1744,0.393415,11.7776,39.6628,0.4
rmse,last,9,0.001,70,500,1.0,0.0,3,2,5,1,10,551,61,15.6589,45.1787,0.393389,11.6929,39.5888,0.4
rmse,last,9,0.001,70,500,1.0,0.0,3,2,5,1,10,551,62,15.6579,45.1819,0.393674,11.6382,39.5476,0.371429
rmse,last,9,0.001,70,500,1.0,0.0,3,2,5,1,10,551,63,15.648,45.1793,0.393648,11.6959,39.4904,0.4
rmse,last,9,0.001,70,500,1.0,0.0,3,2,5,1,10,551,64,15.6459,45.1821,0.393752,11.6293,39.4267,0.4
rmse,last,9,0.001,70,500,1.0,0.0,3,2,5,1,10,551,65,15.6458,45.1865,0.394529,11.5276,39.3853,0.385714
rmse,last,9,0.001,70,500,1.0,0.0,3,2,5,1,10,551,66,15.6371,45.1851,0.394192,11.5605,39.3208,0.4
rmse,last,9,0.001,70,500,1.0,0.0,3,2,5,1,10,551,67,15.6337,45.1877,0.39427,11.5007,39.2631,0.4
rmse,last,9,0.001,70,500,1.0,0.0,3,2,5,1,10,551,68,15.6347,45.1936,0.394581,11.349,39.2097,0.385714
rmse,last,9,0.001,70,500,1.0,0.0,3,2,5,1,10,551,69,15.6288,45.1945,0.394607,11.3341,39.133,0.4
rmse,last,9,0.001,70,500,1.0,0.0,3,2,5,1,10,551,70,15.6256,45.1975,0.394581,11.2562,39.0616,0.4
rmse,last,9,0.001,70,500,1.0,0.0,3,2,5,1,10,551,71,15.6261,45.2036,0.394841,11.0584,38.9852,0.385714
rmse,last,9,0.001,70,500,1.0,0.0,3,2,5,1,10,551,72,15.6212,45.2052,0.394607,11.0208,38.895,0.385714
rmse,last,9,0.001,70,500,1.0,0.0,3,2,5,1,10,551,73,15.6177,45.2078,0.394815,10.9571,38.8188,0.385714
rmse,last,9,0.001,70,500,1.0,0.0,3,2,5,1,10,551,74,15.617,45.213,0.395437,10.8283,38.7521,0.385714
rmse,last,9,0.001,70,500,1.0,0.0,3,2,5,1,10,551,75,15.6118,45.2138,0.3951,10.8254,38.6861,0.385714
rmse,last,9,0.001,70,500,1.0,0.0,3,2,5,1,10,551,76,15.6088,45.2166,0.395359,10.7737,38.6334,0.385714
rmse,last,9,0.001,70,500,1.0,0.0,3,2,5,1,10,551,77,15.6075,45.2208,0.395774,10.6883,38.5914,0.385714
rmse,last,9,0.001,70,500,1.0,0.0,3,2,5,1,10,551,78,15.6019,45.221,0.395566,10.7007,38.5476,0.385714
rmse,last,9,0.001,70,500,1.0,0.0,3,2,5,1,10,551,79,15.5993,45.2239,0.395204,10.6471,38.5064,0.385714
rmse,last,9,0.001,70,500,1.0,0.0,3,2,5,1,10,551,80,15.5972,45.227,0.395307,10.5906,38.4724,0.385714
rmse,last,9,0.001,70,500,1.0,0.0,3,2,5,1,10,551,81,15.5914,45.2268,0.395229,10.6076,38.4372,0.385714
rmse,last,9,0.001,70,500,1.0,0.0,3,2,5,1,10,551,82,15.5893,45.2298,0.395126,10.5532,38.4007,0.385714
rmse,last,9,0.001,70,500,1.0,0.0,3,2,5,1,10,551,83,15.5864,45.232,0.395463,10.5191,38.3693,0.385714
rmse,last,9,0.001,70,500,1.0,0.0,3,2,5,1,10,551,84,15.5812,45.2319,0.395385,10.537,38.339,0.4
rmse,last,9,0.001,70,500,1.0,0.0,3,2,5,1,10,551,85,15.5795,45.235,0.395463,10.483,38.3067,0.4
rmse,last,9,0.001,70,500,1.0,0.0,3,2,5,1,10,551,86,15.5763,45.2367,0.395437,10.4636,38.2769,0.4
rmse,last,9,0.001,70,500,1.0,0.0,3,2,5,1,10,551,87,15.5719,45.2372,0.395722,10.4727,38.249,0.4
rmse,last,9,0.001,70,500,1.0,0.0,3,2,5,1,10,551,88,15.5706,45.2404,0.395696,10.417,38.2188,0.4
rmse,last,9,0.001,70,500,1.0,0.0,3,2,5,1,10,551,89,15.5675,45.2418,0.396033,10.4026,38.1885,0.4
rmse,last,9,0.001,70,500,1.0,0.0,3,2,5,1,10,551,90,15.564,45.2428,0.39637,10.3965,38.1593,0.4
rmse,last,9,0.001,70,500,1.0,0.0,3,2,5,1,10,551,91,15.563,45.2461,0.396422,10.3365,38.1281,0.4
rmse,last,9,0.001,70,500,1.0,0.0,3,2,5,1,10,551,92,15.5598,45.2472,0.396189,10.3224,38.0952,0.4
rmse,last,9,0.001,70,500,1.0,0.0,3,2,5,1,10,551,93,15.5569,45.2487,0.396474,10.298,38.0629,0.414286
rmse,last,9,0.001,70,500,1.0,0.0,3,2,5,1,10,551,94,15.5557,45.2517,0.396344,10.2359,38.0301,0.414286
rmse,last,9,0.001,70,500,1.0,0.0,3,2,5,1,10,551,95,15.5518,45.2522,0.396733,10.2245,37.9958,0.414286
rmse,last,9,0.001,70,500,1.0,0.0,3,2,5,1,10,551,96,15.5492,45.254,0.396707,10.1833,37.9618,0.414286
rmse,last,9,0.001,70,500,1.0,0.0,3,2,5,1,10,551,97,15.5468,45.2561,0.396578,10.1338,37.9287,0.428571
rmse,last,9,0.001,70,500,1.0,0.0,3,2,5,1,10,551,98,15.5423,45.256,0.397278,10.1379,37.8954,0.428571
rmse,last,9,0.001,70,500,1.0,0.0,3,2,5,1,10,551,99,15.5395,45.2578,0.397381,10.0903,37.862,0.428571
rmse,last,9,0.001,70,500,1.0,0.0,3,2,5,1,10,551,100,15.5353,45.2583,0.397537,10.0734,37.8295,0.428571
rmse,last,9,0.001,70,500,1.0,0.0,3,2,5,1,10,551,-1,15.5709,45.2706,0.396992,12.3048,41.1726,0.414286
rmse,last,9,0.001,70,500,1.0,0.0,3,2,5,1,10,551,101,15.5303,45.2582,0.397537,10.0701,37.7982,0.428571
rmse,last,9,0.001,70,500,1.0,0.0,3,2,5,1,10,551,102,15.5267,45.2595,0.397589,10.0235,37.7671,0.428571
rmse,last,9,0.001,70,500,1.0,0.0,3,2,5,1,10,551,103,15.5213,45.259,0.397744,10.0271,37.7362,0.428571
rmse,last,9,0.001,70,500,1.0,0.0,3,2,5,1,10,551,104,15.5171,45.2596,0.397926,10.0004,37.7058,0.428571
rmse,last,9,0.001,70,500,1.0,0.0,3,2,5,1,10,551,105,15.5129,45.2604,0.398004,9.97244,37.676,0.428571
rmse,last,9,0.001,70,500,1.0,0.0,3,2,5,1,10,551,106,15.5078,45.2605,0.398367,9.97419,37.6464,0.414286
rmse,last,9,0.001,70,500,1.0,0.0,3,2,5,1,10,551,107,15.5044,45.2621,0.398211,9.93317,37.6165,0.414286
rmse,last,9,0.001,70,500,1.0,0.0,3,2,5,1,10,551,108,15.4999,45.2628,0.398055,9.92866,37.5865,0.414286
rmse,last,9,0.001,70,500,1.0,0.0,3,2,5,1,10,551,109,15.4965,45.2643,0.398315,9.90679,37.5566,0.414286
rmse,last,9,0.001,70,500,1.0,0.0,3,2,5,1,10,551,110,15.4933,45.2664,0.398418,9.8778,37.5268,0.414286
rmse,last,9,0.001,70,500,1.0,0.0,3,2,5,1,10,551,111,15.4895,45.2678,0.398574,9.8749,37.4969,0.414286
rmse,last,9,0.001,70,500,1.0,0.0,3,2,5,1,10,551,112,15.4871,45.2706,0.398756,9.83612,37.467,0.414286
rmse,last,9,0.001,70,500,1.0,0.0,3,2,5,1,10,551,113,15.4837,45.2725,0.398704,9.83083,37.4371,0.4
rmse,last,9,0.001,70,500,1.0,0.0,3,2,5,1,10,551,114,15.4813,45.2754,0.398781,9.80242,37.4075,0.4
rmse,last,9,0.001,70,500,1.0,0.0,3,2,5,1,10,551,115,15.4788,45.2782,0.398781,9.78178,37.3784,0.4
rmse,last,9,0.001,70,500,1.0,0.0,3,2,5,1,10,551,116,15.4761,45.2807,0.398781,9.76875,37.3499,0.4
rmse,last,9,0.001,70,500,1.0,0.0,3,2,5,1,10,551,117,15.4742,45.2841,0.398678,9.73569,37.3218,0.4
rmse,last,9,0.001,70,500,1.0,0.0,3,2,5,1,10,551,118,15.4713,45.2865,0.398807,9.73076,37.2944,0.4
rmse,last,9,0.001,70,500,1.0,0.0,3,2,5,1,10,551,119,15.4696,45.29,0.398704,9.69451,37.2674,0.4
rmse,last,9,0.001,70,500,1.0,0.0,3,2,5,1,10,551,120,15.4666,45.2924,0.398678,9.68928,37.241,0.4
rmse,last,9,0.001,70,500,1.0,0.0,3,2,5,1,10,551,121,15.4649,45.2956,0.3986,9.65642,37.2152,0.4
rmse,last,9,0.001,70,500,1.0,0.0,3,2,5,1,10,551,122,15.4621,45.298,0.398652,9.64673,37.1898,0.4
rmse,last,9,0.001,70,500,1.0,0.0,3,2,5,1,10,551,123,15.46,45.3009,0.39873,9.61925,37.1649,0.4
rmse,last,9,0.001,70,500,1.0,0.0,3,2,5,1,10,551,124,15.4574,45.3032,0.398704,9.60465,37.1403,0.4
rmse,last,9,0.001,70,500,1.0,0.0,3,2,5,1,10,551,125,15.4551,45.3058,0.398989,9.58183,37.1161,0.4
rmse,last,9,0.001,70,500,1.0,0.0,3,2,5,1,10,551,126,15.4526,45.3081,0.399041,9.56347,37.0922,0.4
rmse,last,9,0.001,70,500,1.0,0.0,3,2,5,1,10,551,127,15.4499,45.3105,0.399093,9.54412,37.0685,0.4
rmse,last,9,0.001,70,500,1.0,0.0,3,2,5,1,10,551,128,15.4477,45.3128,0.399041,9.52287,37.045,0.4
rmse,last,9,0.001,70,500,1.0,0.0,3,2,5,1,10,551,129,15.4453,45.3148,0.398989,9.50663,37.0216,0.4
rmse,last,9,0.001,70,500,1.0,0.0,3,2,5,1,10,551,130,15.443,45.3172,0.399222,9.4823,36.9985,0.4
rmse,last,9,0.001,70,500,1.0,0.0,3,2,5,1,10,551,131,15.4406,45.319,0.399144,9.47018,36.9755,0.4
rmse,last,9,0.001,70,500,1.0,0.0,3,2,5,1,10,551,132,15.4389,45.3214,0.399196,9.44093,36.9526,0.4
rmse,last,9,0.001,70,500,1.0,0.0,3,2,5,1,10,551,133,15.4361,45.3229,0.399274,9.43631,36.93,0.4
rmse,last,9,0.001,70,500,1.0,0.0,3,2,5,1,10,551,134,15.4349,45.3257,0.399248,9.39721,36.9075,0.4
rmse,last,9,0.001,70,500,1.0,0.0,3,2,5,1,10,551,135,15.4317,45.3267,0.3993,9.40803,36.8854,0.414286
rmse,last,9,0.001,70,500,1.0,0.0,3,2,5,1,10,551,136,15.4314,45.3302,0.3993,9.34795,36.8639,0.4
rmse,last,9,0.001,70,500,1.0,0.0,3,2,5,1,10,551,137,15.4268,45.3303,0.399404,9.39234,36.8434,0.414286
rmse,last,9,0.001,70,500,1.0,0.0,3,2,5,1,10,551,138,15.4287,45.3352,0.399248,9.28666,36.8254,0.4
rmse,last,9,0.001,70,500,1.0,0.0,3,2,5,1,10,551,139,15.4213,45.333,0.399585,9.40712,36.8123,0.414286
rmse,last,9,0.001,70,500,1.0,0.0,3,2,5,1,10,551,140,15.4273,45.3412,0.399533,9.2038,36.8106,0.4
rmse,last,9,0.001,70,500,1.0,0.0,3,2,5,1,10,551,141,15.4142,45.3342,0.399559,9.50408,36.8324,0.428571
rmse,last,9,0.001,70,500,1.0,0.0,3,2,5,1,10,551,142,15.4293,45.3496,0.399611,9.10235,36.9102,0.414286
rmse,last,9,0.001,70,500,1.0,0.0,3,2,5,1,10,551,143,15.4035,45.3324,0.400052,9.87316,37.0925,0.471429
rmse,last,9,0.001,70,500,1.0,0.0,3,2,5,1,10,551,144,15.4381,45.3628,0.398522,9.27971,37.528,0.4
rmse,last,9,0.001,70,500,1.0,0.0,3,2,5,1,10,551,145,15.3976,45.333,0.400182,10.1411,37.2956,0.485714
rmse,last,9,0.001,70,500,1.0,0.0,3,2,5,1,10,551,146,15.43,45.3613,0.399274,9.07438,37.1309,0.428571
rmse,last,9,0.001,70,500,1.0,0.0,3,2,5,1,10,551,147,15.4,45.3395,0.400052,9.77977,36.991,0.471429
rmse,last,9,0.001,70,500,1.0,0.0,3,2,5,1,10,551,148,15.4263,45.3624,0.4,9.0157,36.9881,0.442857
rmse,last,9,0.001,70,500,1.0,0.0,3,2,5,1,10,551,149,15.3989,45.3427,0.400078,9.73601,36.943,0.471429
rmse,last,9,0.001,70,500,1.0,0.0,3,2,5,1,10,551,150,15.4252,45.3657,0.399819,8.99753,36.9893,0.442857
rmse,last,9,0.001,70,500,1.0,0.0,3,2,5,1,10,551,-1,15.4655,45.3962,0.399689,13.8038,41.7726,0.4
rmse,last,9,0.001,70,500,1.0,0.0,3,2,5,1,10,551,151,15.3974,45.3458,0.400311,9.71245,36.9097,0.485714
rmse,last,9,0.001,70,500,1.0,0.0,3,2,5,1,10,551,152,15.422,45.3676,0.400026,8.97218,36.8938,0.442857
rmse,last,9,0.001,70,500,1.0,0.0,3,2,5,1,10,551,153,15.3979,45.3509,0.399767,9.52507,36.7425,0.442857
rmse,last,9,0.001,70,500,1.0,0.0,3,2,5,1,10,551,154,15.4157,45.3676,0.399689,8.95113,36.6944,0.428571
rmse,last,9,0.001,70,500,1.0,0.0,3,2,5,1,10,551,155,15.3978,45.3564,0.399948,9.3619,36.5985,0.428571
rmse,last,9,0.001,70,500,1.0,0.0,3,2,5,1,10,551,156,15.4103,45.3697,0.399585,8.94364,36.5874,0.414286
rmse,last,9,0.001,70,500,1.0,0.0,3,2,5,1,10,551,157,15.3944,45.3603,0.39987,9.34556,36.5613,0.428571
rmse,last,9,0.001,70,500,1.0,0.0,3,2,5,1,10,551,158,15.4087,45.3753,0.399663,8.91384,36.6214,0.414286
rmse,last,9,0.001,70,500,1.0,0.0,3,2,5,1,10,551,159,15.387,45.362,0.4,9.50549,36.6554,0.457143
rmse,last,9,0.001,70,500,1.0,0.0,3,2,5,1,10,551,160,15.409,45.3829,0.400182,8.90157,36.8193,0.442857
rmse,last,9,0.001,70,500,1.0,0.0,3,2,5,1,10,551,161,15.3772,45.3616,0.399663,9.84412,36.9097,0.5
rmse,last,9,0.001,70,500,1.0,0.0,3,2,5,1,10,551,162,15.4071,45.3883,0.399533,8.93326,36.9903,0.414286
rmse,last,9,0.001,70,500,1.0,0.0,3,2,5,1,10,551,163,15.3713,45.3635,0.399715,9.90196,36.9374,0.5
rmse,last,9,0.001,70,500,1.0,0.0,3,2,5,1,10,551,164,15.4,45.3886,0.400337,8.87096,36.8021,0.442857
rmse,last,9,0.001,70,500,1.0,0.0,3,2,5,1,10,551,165,15.3713,45.3689,0.400156,9.54406,36.6186,0.485714
rmse,last,9,0.001,70,500,1.0,0.0,3,2,5,1,10,551,166,15.3911,45.3868,0.400233,8.84275,36.5358,0.414286
rmse,last,9,0.001,70,500,1.0,0.0,3,2,5,1,10,551,167,15.3704,45.3733,0.400104,9.32718,36.4346,0.428571
rmse,last,9,0.001,70,500,1.0,0.0,3,2,5,1,10,551,168,15.3845,45.3874,0.400026,8.8396,36.4248,0.428571
rmse,last,9,0.001,70,500,1.0,0.0,3,2,5,1,10,551,169,15.3662,45.3761,0.400156,9.31067,36.4022,0.457143
rmse,last,9,0.001,70,500,1.0,0.0,3,2,5,1,10,551,170,15.3825,45.3918,0.400596,8.81288,36.4648,0.428571
rmse,last,9,0.001,70,500,1.0,0.0,3,2,5,1,10,551,171,15.3593,45.3768,0.40013,9.484,36.5131,0.485714
rmse,last,9,0.001,70,500,1.0,0.0,3,2,5,1,10,551,172,15.3829,45.3983,0.400726,8.79632,36.6534,0.442857
rmse,last,9,0.001,70,500,1.0,0.0,3,2,5,1,10,551,173,15.351,45.3762,0.400182,9.81955,36.7805,0.5
rmse,last,9,0.001,70,500,1.0,0.0,3,2,5,1,10,551,174,15.3819,45.4031,0.400441,8.81497,36.7881,0.414286
rmse,last,9,0.001,70,500,1.0,0.0,3,2,5,1,10,551,175,15.3486,45.3791,0.400544,9.76229,36.7181,0.485714
rmse,last,9,0.001,70,500,1.0,0.0,3,2,5,1,10,551,176,15.3761,45.4025,0.401011,8.75712,36.5461,0.428571
rmse,last,9,0.001,70,500,1.0,0.0,3,2,5,1,10,551,177,15.3523,45.3859,0.400363,9.32034,36.3405,0.485714
rmse,last,9,0.001,70,500,1.0,0.0,3,2,5,1,10,551,178,15.3667,45.3994,0.400493,8.77777,36.2466,0.428571
rmse,last,9,0.001,70,500,1.0,0.0,3,2,5,1,10,551,179,15.3541,45.3917,0.401452,9.0843,36.1687,0.442857
rmse,last,9,0.001,70,500,1.0,0.0,3,2,5,1,10,551,180,15.3603,45.3992,0.401011,8.83001,36.1381,0.442857
rmse,last,9,0.001,70,500,1.0,0.0,3,2,5,1,10,551,181,15.3526,45.3958,0.401633,9.01448,36.117,0.442857
rmse,last,9,0.001,70,500,1.0,0.0,3,2,5,1,10,551,182,15.357,45.4023,0.401322,8.82296,36.1102,0.442857
rmse,last,9,0.001,70,500,1.0,0.0,3,2,5,1,10,551,183,15.3481,45.3984,0.401763,9.04755,36.1104,0.442857
rmse,last,9,0.001,70,500,1.0,0.0,3,2,5,1,10,551,184,15.3565,45.4081,0.4014,8.75363,36.144,0.442857
rmse,last,9,0.001,70,500,1.0,0.0,3,2,5,1,10,551,185,15.3407,45.3992,0.401426,9.21778,36.1936,0.485714
rmse,last,9,0.001,70,500,1.0,0.0,3,2,5,1,10,551,186,15.3593,45.4164,0.401011,8.6778,36.3468,0.442857
rmse,last,9,0.001,70,500,1.0,0.0,3,2,5,1,10,551,187,15.3298,45.3973,0.400882,9.64785,36.5282,0.5
rmse,last,9,0.001,70,500,1.0,0.0,3,2,5,1,10,551,188,15.3615,45.4239,0.4014,8.71537,36.6687,0.442857
rmse,last,9,0.001,70,500,1.0,0.0,3,2,5,1,10,551,189,15.322,45.396,0.401089,9.99525,36.8334,0.514286
rmse,last,9,0.001,70,500,1.0,0.0,3,2,5,1,10,551,190,15.358,45.4245,0.401426,8.64457,36.5281,0.442857
rmse,last,9,0.001,70,500,1.0,0.0,3,2,5,1,10,551,191,15.3299,45.4044,0.401296,9.34089,36.2479,0.485714
rmse,last,9,0.001,70,500,1.0,0.0,3,2,5,1,10,551,192,15.3468,45.4186,0.402048,8.66666,36.0719,0.442857
rmse,last,9,0.001,70,500,1.0,0.0,3,2,5,1,10,551,193,15.3371,45.4126,0.401789,8.90711,35.9749,0.442857
rmse,last,9,0.001,70,500,1.0,0.0,3,2,5,1,10,551,194,15.3386,45.4156,0.401478,8.82797,35.9493,0.442857
rmse,last,9,0.001,70,500,1.0,0.0,3,2,5,1,10,551,195,15.3417,45.4203,0.401737,8.71645,35.963,0.442857
rmse,last,9,0.001,70,500,1.0,0.0,3,2,5,1,10,551,196,15.3314,45.4149,0.401789,9.06373,36.0225,0.471429
rmse,last,9,0.001,70,500,1.0,0.0,3,2,5,1,10,551,197,15.3477,45.4303,0.401841,8.5814,36.1559,0.442857
rmse,last,9,0.001,70,500,1.0,0.0,3,2,5,1,10,551,198,15.3239,45.4147,0.401737,9.38521,36.2353,0.485714
rmse,last,9,0.001,70,500,1.0,0.0,3,2,5,1,10,551,199,15.3487,45.4365,0.401244,8.5575,36.2784,0.428571
rmse,last,9,0.001,70,500,1.0,0.0,3,2,5,1,10,551,200,15.3211,45.4181,0.401763,9.37049,36.2051,0.485714
rmse,last,9,0.001,70,500,1.0,0.0,3,2,5,1,10,551,-1,15.4541,45.522,0.401244,13.7392,42.3356,0.428571
rmse,last,9,0.001,70,500,1.0,0.0,3,2,5,1,10,551,201,15.3426,45.4372,0.401607,8.55612,36.1133,0.457143
rmse,last,9,0.001,70,500,1.0,0.0,3,2,5,1,10,551,202,15.3219,45.424,0.402178,9.09968,35.9869,0.485714
rmse,last,9,0.001,70,500,1.0,0.0,3,2,5,1,10,551,203,15.3339,45.436,0.402074,8.61069,35.9264,0.457143
rmse,last,9,0.001,70,500,1.0,0.0,3,2,5,1,10,551,204,15.3211,45.4291,0.402204,8.92865,35.8757,0.471429
rmse,last,9,0.001,70,500,1.0,0.0,3,2,5,1,10,551,205,15.3276,45.437,0.402204,8.64279,35.8557,0.457143
rmse,last,9,0.001,70,500,1.0,0.0,3,2,5,1,10,551,206,15.3178,45.4325,0.402282,8.8891,35.8402,0.471429
rmse,last,9,0.001,70,500,1.0,0.0,3,2,5,1,10,551,207,15.3248,45.4406,0.402359,8.61628,35.8423,0.457143
rmse,last,9,0.001,70,500,1.0,0.0,3,2,5,1,10,551,208,15.3127,45.4345,0.402126,8.95309,35.848,0.471429
rmse,last,9,0.001,70,500,1.0,0.0,3,2,5,1,10,551,209,15.3253,45.4466,0.402126,8.54388,35.8929,0.457143
rmse,last,9,0.001,70,500,1.0,0.0,3,2,5,1,10,551,210,15.3056,45.4347,0.402411,9.1615,35.9573,0.485714
rmse,last,9,0.001,70,500,1.0,0.0,3,2,5,1,10,551,211,15.33,45.4547,0.402074,8.46124,36.1076,0.457143
rmse,last,9,0.001,70,500,1.0,0.0,3,2,5,1,10,551,212,15.2933,45.4293,0.402022,9.7918,36.5,0.514286
rmse,last,9,0.001,70,500,1.0,0.0,3,2,5,1,10,551,213,15.3368,45.4625,0.402359,8.55204,36.5274,0.414286
rmse,last,9,0.001,70,500,1.0,0.0,3,2,5,1,10,551,214,15.2889,45.4265,0.402437,10.1647,36.8425,0.514286
rmse,last,9,0.001,70,500,1.0,0.0,3,2,5,1,10,551,215,15.332,45.4587,0.402152,8.37314,36.0759,0.428571
rmse,last,9,0.001,70,500,1.0,0.0,3,2,5,1,10,551,216,15.3175,45.4476,0.40267,8.66582,35.715,0.471429
rmse,last,9,0.001,70,500,1.0,0.0,3,2,5,1,10,551,217,15.3106,45.4425,0.402359,9.0143,35.8699,0.471429
rmse,last,9,0.001,70,500,1.0,0.0,3,2,5,1,10,551,218,15.3382,45.4643,0.402333,8.32087,36.1875,0.442857
rmse,last,9,0.001,70,500,1.0,0.0,3,2,5,1,10,551,219,15.305,45.4395,0.401919,9.45612,36.2138,0.5
rmse,last,9,0.001,70,500,1.0,0.0,3,2,5,1,10,551,220,15.333,45.4628,0.402489,8.3355,35.8553,0.457143
rmse,last,9,0.001,70,500,1.0,0.0,3,2,5,1,10,551,221,15.3225,45.4561,0.402748,8.62054,35.6602,0.471429
rmse,last,9,0.001,70,500,1.0,0.0,3,2,5,1,10,551,222,15.318,45.4546,0.402774,8.81766,35.7127,0.471429
rmse,last,9,0.001,70,500,1.0,0.0,3,2,5,1,10,551,223,15.3357,45.4706,0.402307,8.30671,35.891,0.457143
rmse,last,9,0.001,70,500,1.0,0.0,3,2,5,1,10,551,224,15.309,45.4525,0.402619,9.23853,35.9715,0.5
rmse,last,9,0.001,70,500,1.0,0.0,3,2,5,1,10,551,225,15.3339,45.474,0.402489,8.30429,35.8502,0.457143
rmse,last,9,0.001,70,500,1.0,0.0,3,2,5,1,10,551,226,15.3136,45.4614,0.402489,8.83805,35.6672,0.471429
rmse,last,9,0.001,70,500,1.0,0.0,3,2,5,1,10,551,227,15.3203,45.469,0.40293,8.49729,35.578,0.471429
rmse,last,9,0.001,70,500,1.0,0.0,3,2,5,1,10,551,228,15.3182,45.4699,0.403215,8.49346,35.5632,0.471429
rmse,last,9,0.001,70,500,1.0,0.0,3,2,5,1,10,551,229,15.3078,45.465,0.402748,8.78741,35.6053,0.471429
rmse,last,9,0.001,70,500,1.0,0.0,3,2,5,1,10,551,230,15.3227,45.478,0.402567,8.28221,35.711,0.471429
rmse,last,9,0.001,70,500,1.0,0.0,3,2,5,1,10,551,231,15.2963,45.4617,0.40267,9.11969,35.8046,0.5
rmse,last,9,0.001,70,500,1.0,0.0,3,2,5,1,10,551,232,15.3243,45.4828,0.402463,8.2136,35.8331,0.457143
rmse,last,9,0.001,70,500,1.0,0.0,3,2,5,1,10,551,233,15.2935,45.4627,0.402593,9.1764,35.836,0.5
rmse,last,9,0.001,70,500,1.0,0.0,3,2,5,1,10,551,234,15.3224,45.484,0.402437,8.21062,35.7401,0.471429
rmse,last,9,0.001,70,500,1.0,0.0,3,2,5,1,10,551,235,15.299,45.4683,0.403059,8.92752,35.6339,0.5
rmse,last,9,0.001,70,500,1.0,0.0,3,2,5,1,10,551,236,15.3183,45.4831,0.402463,8.28056,35.5635,0.471429
rmse,last,9,0.001,70,500,1.0,0.0,3,2,5,1,10,551,237,15.3051,45.4743,0.40293,8.70504,35.4913,0.5
rmse,last,9,0.001,70,500,1.0,0.0,3,2,5,1,10,551,238,15.315,45.4828,0.402956,8.36839,35.4563,0.471429
rmse,last,9,0.001,70,500,1.0,0.0,3,2,5,1,10,551,239,15.309,45.4795,0.402982,8.57728,35.428,0.485714
rmse,last,9,0.001,70,500,1.0,0.0,3,2,5,1,10,551,240,15.3139,45.4845,0.403137,8.41424,35.409,0.471429
rmse,last,9,0.001,70,500,1.0,0.0,3,2,5,1,10,551,241,15.311,45.4838,0.40293,8.51493,35.3925,0.485714
rmse,last,9,0.001,70,500,1.0,0.0,3,2,5,1,10,551,242,15.314,45.4877,0.403241,8.41224,35.3782,0.471429
rmse,last,9,0.001,70,500,1.0,0.0,3,2,5,1,10,551,243,15.3114,45.4873,0.403085,8.50221,35.3658,0.485714
rmse,last,9,0.001,70,500,1.0,0.0,3,2,5,1,10,551,244,15.3157,45.4922,0.403085,8.35829,35.3589,0.471429
rmse,last,9,0.001,70,500,1.0,0.0,3,2,5,1,10,551,245,15.3096,45.4896,0.403111,8.57297,35.364,0.5
rmse,last,9,0.001,70,500,1.0,0.0,3,2,5,1,10,551,246,15.3216,45.4994,0.402878,8.21549,35.4135,0.471429
rmse,last,9,0.001,70,500,1.0,0.0,3,2,5,1,10,551,247,15.3034,45.4885,0.40293,8.8723,35.5262,0.514286
rmse,last,9,0.001,70,500,1.0,0.0,3,2,5,1,10,551,248,15.3341,45.5096,0.402048,8.06942,35.8036,0.442857
rmse,last,9,0.001,70,500,1.0,0.0,3,2,5,1,10,551,249,15.2869,45.4762,0.403163,10.0133,36.5653,0.485714
rmse,last,9,0.001,70,500,1.0,0.0,3,2,5,1,10,551,250,15.3446,45.5157,0.402333,8.17014,36.2059,0.4
rmse,last,9,0.001,70,500,1.0,0.0,3,2,5,1,10,551,-1,15.4061,45.5878,0.404071,16.1675,42.9856,0.371429
rmse,last,9,0.001,70,500,1.0,0.0,3,2,5,1,10,551,251,15.2974,45.4801,0.402878,9.70161,36.3092,0.514286
rmse,last,9,0.001,70,500,1.0,0.0,3,2,5,1,10,551,252,15.342,45.5107,0.4028,7.95626,35.6372,0.471429
rmse,last,9,0.001,70,500,1.0,0.0,3,2,5,1,10,551,253,15.3295,45.4998,0.402956,8.31814,35.2658,0.485714
rmse,last,9,0.001,70,500,1.0,0.0,3,2,5,1,10,551,254,15.3219,45.4929,0.402722,8.73479,35.4661,0.485714
rmse,last,9,0.001,70,500,1.0,0.0,3,2,5,1,10,551,255,15.3535,45.5152,0.402722,7.84493,35.8913,0.471429
rmse,last,9,0.001,70,500,1.0,0.0,3,2,5,1,10,551,256,15.3192,45.4892,0.402982,9.08279,35.7653,0.514286
rmse,last,9,0.001,70,500,1.0,0.0,3,2,5,1,10,551,257,15.3468,45.5098,0.403008,7.94354,35.3682,0.471429
rmse,last,9,0.001,70,500,1.0,0.0,3,2,5,1,10,551,258,15.3417,45.5063,0.402774,8.12167,35.226,0.471429
rmse,last,9,0.001,70,500,1.0,0.0,3,2,5,1,10,551,259,15.3299,45.4988,0.40267,8.65711,35.4075,0.485714
rmse,last,9,0.001,70,500,1.0,0.0,3,2,5,1,10,551,260,15.3564,45.5185,0.402411,7.7741,35.6197,0.471429
rmse,last,9,0.001,70,500,1.0,0.0,3,2,5,1,10,551,261,15.3292,45.5011,0.40267,8.6893,35.4154,0.485714
rmse,last,9,0.001,70,500,1.0,0.0,3,2,5,1,10,551,262,15.3458,45.5141,0.403033,7.98088,35.2034,0.471429
rmse,last,9,0.001,70,500,1.0,0.0,3,2,5,1,10,551,263,15.3429,45.514,0.402748,8.04003,35.1607,0.485714
rmse,last,9,0.001,70,500,1.0,0.0,3,2,5,1,10,551,264,15.3304,45.5076,0.402826,8.50908,35.2685,0.485714
rmse,last,9,0.001,70,500,1.0,0.0,3,2,5,1,10,551,265,15.3514,45.5226,0.40267,7.78629,35.412,0.471429
rmse,last,9,0.001,70,500,1.0,0.0,3,2,5,1,10,551,266,15.3257,45.5077,0.402722,8.65732,35.3503,0.5
rmse,last,9,0.001,70,500,1.0,0.0,3,2,5,1,10,551,267,15.3472,45.5227,0.402982,7.80722,35.2341,0.485714
rmse,last,9,0.001,70,500,1.0,0.0,3,2,5,1,10,551,268,15.3343,45.5155,0.402826,8.23749,35.1003,0.5
rmse,last,9,0.001,70,500,1.0,0.0,3,2,5,1,10,551,269,15.3367,45.5183,0.402826,8.11924,35.064,0.5
rmse,last,9,0.001,70,500,1.0,0.0,3,2,5,1,10,551,270,15.3435,45.524,0.403319,7.86214,35.1002,0.485714
rmse,last,9,0.001,70,500,1.0,0.0,3,2,5,1,10,551,271,15.3292,45.5158,0.403319,8.4055,35.1437,0.5
rmse,last,9,0.001,70,500,1.0,0.0,3,2,5,1,10,551,272,15.3481,45.5296,0.402956,7.70658,35.1902,0.485714
rmse,last,9,0.001,70,500,1.0,0.0,3,2,5,1,10,551,273,15.3292,45.5186,0.403293,8.38488,35.1155,0.5
rmse,last,9,0.001,70,500,1.0,0.0,3,2,5,1,10,551,274,15.3446,45.5302,0.403111,7.78278,35.0546,0.485714
rmse,last,9,0.001,70,500,1.0,0.0,3,2,5,1,10,551,275,15.3355,45.5258,0.403111,8.10502,34.9858,0.5
rmse,last,9,0.001,70,500,1.0,0.0,3,2,5,1,10,551,276,15.3378,45.5289,0.403137,8.00772,34.9591,0.5
rmse,last,9,0.001,70,500,1.0,0.0,3,2,5,1,10,551,277,15.3433,45.5339,0.403189,7.81589,34.9662,0.485714
rmse,last,9,0.001,70,500,1.0,0.0,3,2,5,1,10,551,278,15.3337,45.5292,0.403215,8.19967,34.9828,0.5
rmse,last,9,0.001,70,500,1.0,0.0,3,2,5,1,10,551,279,15.3491,45.5401,0.403085,7.6556,35.0172,0.485714
rmse,last,9,0.001,70,500,1.0,0.0,3,2,5,1,10,551,280,15.3327,45.5307,0.403215,8.31512,35.0264,0.5
rmse,last,9,0.001,70,500,1.0,0.0,3,2,5,1,10,551,281,15.3546,45.5451,0.402593,7.56168,35.0745,0.485714
rmse,last,9,0.001,70,500,1.0,0.0,3,2,5,1,10,551,282,15.3326,45.5314,0.402645,8.44798,35.1042,0.5
rmse,last,9,0.001,70,500,1.0,0.0,3,2,5,1,10,551,283,15.3618,45.55,0.402385,7.47479,35.2075,0.471429
rmse,last,9,0.001,70,500,1.0,0.0,3,2,5,1,10,551,284,15.3308,45.5293,0.403163,8.7224,35.3169,0.514286
rmse,last,9,0.001,70,500,1.0,0.0,3,2,5,1,10,551,285,15.3704,45.555,0.401711,7.41442,35.5044,0.457143
rmse,last,9,0.001,70,500,1.0,0.0,3,2,5,1,10,551,286,15.3276,45.5243,0.402982,9.14995,35.7193,0.5
rmse,last,9,0.001,70,500,1.0,0.0,3,2,5,1,10,551,287,15.3759,45.5572,0.40223,7.38678,35.6723,0.442857
rmse,last,9,0.001,70,500,1.0,0.0,3,2,5,1,10,551,288,15.3381,45.5291,0.402619,8.7142,35.347,0.5
rmse,last,9,0.001,70,500,1.0,0.0,3,2,5,1,10,551,289,15.3694,45.5507,0.402722,7.39189,35.043,0.485714
rmse,last,9,0.001,70,500,1.0,0.0,3,2,5,1,10,551,290,15.3589,45.5421,0.402696,7.7446,34.7879,0.5
rmse,last,9,0.001,70,500,1.0,0.0,3,2,5,1,10,551,291,15.3518,45.5369,0.402722,8.12822,34.922,0.5
rmse,last,9,0.001,70,500,1.0,0.0,3,2,5,1,10,551,292,15.3785,45.5561,0.402152,7.29259,35.265,0.485714
rmse,last,9,0.001,70,500,1.0,0.0,3,2,5,1,10,551,293,15.3464,45.5338,0.402307,8.47115,35.1417,0.514286
rmse,last,9,0.001,70,500,1.0,0.0,3,2,5,1,10,551,294,15.3741,45.5543,0.402541,7.34505,34.9347,0.485714
rmse,last,9,0.001,70,500,1.0,0.0,3,2,5,1,10,551,295,15.3609,45.5467,0.402748,7.7534,34.7279,0.5
rmse,last,9,0.001,70,500,1.0,0.0,3,2,5,1,10,551,296,15.3591,45.547,0.402748,7.83179,34.7427,0.5
rmse,last,9,0.001,70,500,1.0,0.0,3,2,5,1,10,551,297,15.3752,45.5578,0.401945,7.38182,34.9186,0.471429
rmse,last,9,0.001,70,500,1.0,0.0,3,2,5,1,10,551,298,15.3479,45.5404,0.402022,8.45189,35.0988,0.514286
rmse,last,9,0.001,70,500,1.0,0.0,3,2,5,1,10,551,299,15.3841,45.5633,0.401374,7.35632,35.2046,0.457143
rmse,last,9,0.001,70,500,1.0,0.0,3,2,5,1,10,551,300,15.3551,45.5433,0.402359,8.27518,34.964,0.5
rmse,last,9,0.001,70,500,1.0,0.0,3,2,5,1,10,551,-1,15.4429,45.6317,0.403008,14.1315,42.7564,0.442857
rmse,last,9,0.001,70,500,1.0,0.0,3,2,5,1,10,551,301,15.3776,45.5587,0.402541,7.35843,34.7407,0.5
rmse,last,9,0.001,70,500,1.0,0.0,3,2,5,1,10,551,302,15.3727,45.5548,0.402515,7.51634,34.6484,0.5
rmse,last,9,0.001,70,500,1.0,0.0,3,2,5,1,10,551,303,15.3627,45.548,0.402826,7.97017,34.7696,0.485714
rmse,last,9,0.001,70,500,1.0,0.0,3,2,5,1,10,551,304,15.3845,45.5651,0.40197,7.22074,34.9468,0.485714
rmse,last,9,0.001,70,500,1.0,0.0,3,2,5,1,10,551,305,15.3613,45.5495,0.403008,8.04607,34.7887,0.485714
rmse,last,9,0.001,70,500,1.0,0.0,3,2,5,1,10,551,306,15.377,45.5631,0.402619,7.37187,34.6358,0.5
rmse,last,9,0.001,70,500,1.0,0.0,3,2,5,1,10,551,307,15.3724,45.5624,0.402256,7.51298,34.5701,0.5
rmse,last,9,0.001,70,500,1.0,0.0,3,2,5,1,10,551,308,15.3643,45.5596,0.402748,7.8284,34.6223,0.485714
rmse,last,9,0.001,70,500,1.0,0.0,3,2,5,1,10,551,309,15.3807,45.5722,0.402437,7.31254,34.7723,0.485714
rmse,last,9,0.001,70,500,1.0,0.0,3,2,5,1,10,551,310,15.3515,45.5549,0.402541,8.3923,34.9639,0.5
rmse,last,9,0.001,70,500,1.0,0.0,3,2,5,1,10,551,311,15.3887,45.5781,0.401945,7.36932,35.1657,0.442857
rmse,last,9,0.001,70,500,1.0,0.0,3,2,5,1,10,551,312,15.3495,45.5529,0.402748,8.58285,35.1183,0.5
rmse,last,9,0.001,70,500,1.0,0.0,3,2,5,1,10,551,313,15.3881,45.5788,0.402126,7.1576,34.9443,0.485714
rmse,last,9,0.001,70,500,1.0,0.0,3,2,5,1,10,551,314,15.3651,45.562,0.403111,7.86473,34.6052,0.485714
rmse,last,9,0.001,70,500,1.0,0.0,3,2,5,1,10,551,315,15.3736,45.5679,0.40267,7.48024,34.4898,0.485714
rmse,last,9,0.001,70,500,1.0,0.0,3,2,5,1,10,551,316,15.3799,45.5729,0.402852,7.26695,34.5558,0.5
rmse,last,9,0.001,70,500,1.0,0.0,3,2,5,1,10,551,317,15.3632,45.5616,0.403526,7.97362,34.6566,0.485714
rmse,last,9,0.001,70,500,1.0,0.0,3,2,5,1,10,551,318,15.3868,45.5804,0.402463,7.13894,34.7524,0.485714
rmse,last,9,0.001,70,500,1.0,0.0,3,2,5,1,10,551,319,15.363,45.5654,0.403293,7.95655,34.6138,0.5
rmse,last,9,0.001,70,500,1.0,0.0,3,2,5,1,10,551,320,15.3809,45.5805,0.40293,7.22866,34.5072,0.5
rmse,last,9,0.001,70,500,1.0,0.0,3,2,5,1,10,551,321,15.3692,45.5752,0.402074,7.61503,34.4148,0.485714
rmse,last,9,0.001,70,500,1.0,0.0,3,2,5,1,10,551,322,15.3724,45.5798,0.402204,7.45746,34.3826,0.485714
rmse,last,9,0.001,70,500,1.0,0.0,3,2,5,1,10,551,323,15.374,45.5825,0.402256,7.38632,34.3849,0.485714
rmse,last,9,0.001,70,500,1.0,0.0,3,2,5,1,10,551,324,15.3661,45.5788,0.402774,7.73373,34.4302,0.485714
rmse,last,9,0.001,70,500,1.0,0.0,3,2,5,1,10,551,325,15.3861,45.5907,0.402696,7.27497,34.6121,0.485714
rmse,last,9,0.001,70,500,1.0,0.0,3,2,5,1,10,551,326,15.352,45.5676,0.403085,8.59344,35.0751,0.5
rmse,last,9,0.001,70,500,1.0,0.0,3,2,5,1,10,551,327,15.4065,45.6008,0.401296,7.50043,35.6668,0.414286
rmse,last,9,0.001,70,500,1.0,0.0,3,2,5,1,10,551,328,15.3443,45.5573,0.402696,9.30662,35.7385,0.471429
rmse,last,9,0.001,70,500,1.0,0.0,3,2,5,1,10,551,329,15.3984,45.5937,0.402463,7.02399,34.8815,0.457143
rmse,last,9,0.001,70,500,1.0,0.0,3,2,5,1,10,551,330,15.385,45.582,0.403059,7.24738,34.3813,0.485714
rmse,last,9,0.001,70,500,1.0,0.0,3,2,5,1,10,551,331,15.3589,45.5629,0.40267,8.57655,35.1548,0.514286
rmse,last,9,0.001,70,500,1.0,0.0,3,2,5,1,10,551,332,15.4105,45.5969,0.402385,7.18816,35.7891,0.442857
rmse,last,9,0.001,70,500,1.0,0.0,3,2,5,1,10,551,333,15.3755,45.5715,0.402748,7.79679,34.5311,0.5
rmse,last,9,0.001,70,500,1.0,0.0,3,2,5,1,10,551,334,15.3757,45.5705,0.402748,7.85357,34.5628,0.5
rmse,last,9,0.001,70,500,1.0,0.0,3,2,5,1,10,551,335,15.4126,45.5956,0.402048,7.0386,35.4122,0.457143
rmse,last,9,0.001,70,500,1.0,0.0,3,2,5,1,10,551,336,15.3787,45.5713,0.402593,7.82076,34.5145,0.5
rmse,last,9,0.001,70,500,1.0,0.0,3,2,5,1,10,551,337,15.3837,45.5754,0.403137,7.62637,34.3746,0.485714
rmse,last,9,0.001,70,500,1.0,0.0,3,2,5,1,10,551,338,15.4122,45.5963,0.402359,6.97615,34.9711,0.471429
rmse,last,9,0.001,70,500,1.0,0.0,3,2,5,1,10,551,339,15.3753,45.5719,0.402748,7.9655,34.5539,0.5
rmse,last,9,0.001,70,500,1.0,0.0,3,2,5,1,10,551,340,15.3913,45.5856,0.40223,7.25653,34.2293,0.485714
rmse,last,9,0.001,70,500,1.0,0.0,3,2,5,1,10,551,341,15.3978,45.5909,0.402463,7.09624,34.3899,0.471429
rmse,last,9,0.001,70,500,1.0,0.0,3,2,5,1,10,551,342,15.3644,45.5701,0.402645,8.26106,34.7708,0.514286
rmse,last,9,0.001,70,500,1.0,0.0,3,2,5,1,10,551,343,15.4083,45.5961,0.402307,7.18771,34.8348,0.442857
rmse,last,9,0.001,70,500,1.0,0.0,3,2,5,1,10,551,344,15.3845,45.5822,0.402748,7.56539,34.2589,0.485714
rmse,last,9,0.001,70,500,1.0,0.0,3,2,5,1,10,551,345,15.386,45.5818,0.40267,7.58212,34.2657,0.485714
rmse,last,9,0.001,70,500,1.0,0.0,3,2,5,1,10,551,346,15.4117,45.5988,0.40267,6.93655,34.6185,0.5
rmse,last,9,0.001,70,500,1.0,0.0,3,2,5,1,10,551,347,15.3834,45.5791,0.402463,7.76976,34.3809,0.485714
rmse,last,9,0.001,70,500,1.0,0.0,3,2,5,1,10,551,348,15.3983,45.5904,0.402385,7.18423,34.1729,0.485714
rmse,last,9,0.001,70,500,1.0,0.0,3,2,5,1,10,551,349,15.4025,45.5945,0.402307,7.06108,34.2222,0.485714
rmse,last,9,0.001,70,500,1.0,0.0,3,2,5,1,10,551,350,15.3838,45.5827,0.4028,7.73509,34.3295,0.485714
rmse,last,9,0.001,70,500,1.0,0.0,3,2,5,1,10,551,-1,15.4579,45.6622,0.403241,14.6434,42.9901,0.457143
rmse,last,9,0.001,70,500,1.0,0.0,3,2,5,1,10,551,351,15.4067,45.6012,0.402645,6.96909,34.3308,0.485714
rmse,last,9,0.001,70,500,1.0,0.0,3,2,5,1,10,551,352,15.3896,45.5921,0.402645,7.42139,34.1294,0.485714
rmse,last,9,0.001,70,500,1.0,0.0,3,2,5,1,10,551,353,15.3885,45.5942,0.402567,7.41827,34.1126,0.485714
rmse,last,9,0.001,70,500,1.0,0.0,3,2,5,1,10,551,354,15.402,45.6048,0.40223,7.05971,34.2636,0.471429
rmse,last,9,0.001,70,500,1.0,0.0,3,2,5,1,10,551,355,15.3742,45.5885,0.403241,7.97076,34.4212,0.514286
rmse,last,9,0.001,70,500,1.0,0.0,3,2,5,1,10,551,356,15.4081,45.6099,0.402307,7.09623,34.5175,0.457143
rmse,last,9,0.001,70,500,1.0,0.0,3,2,5,1,10,551,357,15.378,45.5908,0.4028,7.81691,34.3013,0.514286
rmse,last,9,0.001,70,500,1.0,0.0,3,2,5,1,10,551,358,15.3994,45.6057,0.402593,7.01766,34.1267,0.485714
rmse,last,9,0.001,70,500,1.0,0.0,3,2,5,1,10,551,359,15.393,45.6015,0.402619,7.17558,34.0424,0.485714
rmse,last,9,0.001,70,500,1.0,0.0,3,2,5,1,10,551,360,15.3823,45.5945,0.402982,7.58756,34.1598,0.485714
rmse,last,9,0.001,70,500,1.0,0.0,3,2,5,1,10,551,361,15.4067,45.6126,0.402593,6.8962,34.3323,0.471429
rmse,last,9,0.001,70,500,1.0,0.0,3,2,5,1,10,551,362,15.382,45.5974,0.402956,7.58588,34.1407,0.5
rmse,last,9,0.001,70,500,1.0,0.0,3,2,5,1,10,551,363,15.395,45.6089,0.402385,7.08065,34.0071,0.485714
rmse,last,9,0.001,70,500,1.0,0.0,3,2,5,1,10,551,364,15.3941,45.6108,0.402541,7.08691,33.9877,0.485714
rmse,last,9,0.001,70,500,1.0,0.0,3,2,5,1,10,551,365,15.3815,45.6046,0.403137,7.5239,34.066,0.5
rmse,last,9,0.001,70,500,1.0,0.0,3,2,5,1,10,551,366,15.4035,45.6187,0.40223,7.02844,34.2388,0.471429
rmse,last,9,0.001,70,500,1.0,0.0,3,2,5,1,10,551,367,15.3711,45.5985,0.403396,8.06984,34.453,0.514286
rmse,last,9,0.001,70,500,1.0,0.0,3,2,5,1,10,551,368,15.4156,45.6236,0.402359,7.08598,34.7283,0.457143
rmse,last,9,0.001,70,500,1.0,0.0,3,2,5,1,10,551,369,15.3749,45.5969,0.4035,8.06039,34.4642,0.514286
rmse,last,9,0.001,70,500,1.0,0.0,3,2,5,1,10,551,370,15.4098,45.6195,0.402748,6.82684,34.185,0.485714
rmse,last,9,0.001,70,500,1.0,0.0,3,2,5,1,10,551,371,15.3972,45.6099,0.402878,7.10241,33.9303,0.485714
rmse,last,9,0.001,70,500,1.0,0.0,3,2,5,1,10,551,372,15.3856,45.6011,0.403422,7.645,34.166,0.514286
rmse,last,9,0.001,70,500,1.0,0.0,3,2,5,1,10,551,373,15.4215,45.6251,0.402593,6.79027,34.5984,0.457143
rmse,last,9,0.001,70,500,1.0,0.0,3,2,5,1,10,551,374,15.3882,45.6036,0.403422,7.59705,34.1231,0.514286
rmse,last,9,0.001,70,500,1.0,0.0,3,2,5,1,10,551,375,15.4028,45.6153,0.402878,7.01686,33.8838,0.485714
rmse,last,9,0.001,70,500,1.0,0.0,3,2,5,1,10,551,376,15.4103,45.6219,0.402593,6.83489,33.9635,0.5
rmse,last,9,0.001,70,500,1.0,0.0,3,2,5,1,10,551,377,15.3875,45.6085,0.403215,7.62809,34.1006,0.514286
rmse,last,9,0.001,70,500,1.0,0.0,3,2,5,1,10,551,378,15.4176,45.6275,0.403163,6.912,34.2662,0.457143
rmse,last,9,0.001,70,500,1.0,0.0,3,2,5,1,10,551,379,15.3835,45.6079,0.403422,7.79777,34.2168,0.514286
rmse,last,9,0.001,70,500,1.0,0.0,3,2,5,1,10,551,380,15.4169,45.628,0.403137,6.81523,34.1358,0.471429
rmse,last,9,0.001,70,500,1.0,0.0,3,2,5,1,10,551,381,15.3932,45.6125,0.403526,7.4273,33.9528,0.5
rmse,last,9,0.001,70,500,1.0,0.0,3,2,5,1,10,551,382,15.4095,45.6228,0.402748,6.86468,33.8363,0.5
rmse,last,9,0.001,70,500,1.0,0.0,3,2,5,1,10,551,383,15.4071,45.6211,0.402852,6.93639,33.8019,0.485714
rmse,last,9,0.001,70,500,1.0,0.0,3,2,5,1,10,551,384,15.3986,45.6158,0.403241,7.26562,33.864,0.514286
rmse,last,9,0.001,70,500,1.0,0.0,3,2,5,1,10,551,385,15.4177,45.6302,0.402722,6.70733,33.9513,0.485714
rmse,last,9,0.001,70,500,1.0,0.0,3,2,5,1,10,551,386,15.3978,45.6193,0.403422,7.30862,33.8596,0.514286
rmse,last,9,0.001,70,500,1.0,0.0,3,2,5,1,10,551,387,15.4117,45.6314,0.402982,6.7985,33.7799,0.5
rmse,last,9,0.001,70,500,1.0,0.0,3,2,5,1,10,551,388,15.4044,45.6297,0.403137,6.99716,33.7211,0.514286
rmse,last,9,0.001,70,500,1.0,0.0,3,2,5,1,10,551,389,15.4022,45.631,0.403293,7.05621,33.7192,0.514286
rmse,last,9,0.001,70,500,1.0,0.0,3,2,5,1,10,551,390,15.4121,45.6379,0.403059,6.81763,33.7776,0.485714
rmse,last,9,0.001,70,500,1.0,0.0,3,2,5,1,10,551,391,15.3935,45.6272,0.403215,7.56579,33.9749,0.514286
rmse,last,9,0.001,70,500,1.0,0.0,3,2,5,1,10,551,392,15.4331,45.6472,0.402826,6.94533,34.5089,0.471429
rmse,last,9,0.001,70,500,1.0,0.0,3,2,5,1,10,551,393,15.3875,45.6193,0.402852,8.26793,34.6156,0.514286
rmse,last,9,0.001,70,500,1.0,0.0,3,2,5,1,10,551,394,15.4379,45.6507,0.402852,6.70734,34.4166,0.471429
rmse,last,9,0.001,70,500,1.0,0.0,3,2,5,1,10,551,395,15.4046,45.6273,0.403422,7.49329,33.9674,0.514286
rmse,last,9,0.001,70,500,1.0,0.0,3,2,5,1,10,551,396,15.4249,45.6391,0.403137,6.67052,33.7287,0.5
rmse,last,9,0.001,70,500,1.0,0.0,3,2,5,1,10,551,397,15.4239,45.6377,0.403111,6.71626,33.6914,0.514286
rmse,last,9,0.001,70,500,1.0,0.0,3,2,5,1,10,551,398,15.4116,45.6297,0.403682,7.30054,33.8501,0.514286
rmse,last,9,0.001,70,500,1.0,0.0,3,2,5,1,10,551,399,15.4396,45.6485,0.40337,6.51996,34.0392,0.471429
rmse,last,9,0.001,70,500,1.0,0.0,3,2,5,1,10,551,400,15.4164,45.6349,0.403785,7.18544,33.7433,0.514286
rmse,last,9,0.001,70,500,1.0,0.0,3,2,5,1,10,551,-1,15.4751,45.7094,0.404952,15.0523,42.9269,0.428571
rmse,last,9,0.001,70,500,1.0,0.0,3,2,5,1,10,551,401,15.4288,45.6461,0.403137,6.7054,33.5734,0.528571
rmse,last,9,0.001,70,500,1.0,0.0,3,2,5,1,10,551,402,15.4306,45.6505,0.402904,6.65061,33.5584,0.528571
rmse,last,9,0.001,70,500,1.0,0.0,3,2,5,1,10,551,403,15.4159,45.6445,0.40337,7.18132,33.665,0.514286
rmse,last,9,0.001,70,500,1.0,0.0,3,2,5,1,10,551,404,15.4413,45.6586,0.402852,6.7646,33.9957,0.457143
rmse,last,9,0.001,70,500,1.0,0.0,3,2,5,1,10,551,405,15.4089,45.6456,0.403319,7.51131,33.9169,0.5
rmse,last,9,0.001,70,500,1.0,0.0,3,2,5,1,10,551,406,15.4481,45.6632,0.403059,6.79417,34.1054,0.457143
rmse,last,9,0.001,70,500,1.0,0.0,3,2,5,1,10,551,407,15.4233,45.6556,0.403319,7.12717,33.6063,0.528571
rmse,last,9,0.001,70,500,1.0,0.0,3,2,5,1,10,551,408,15.4415,45.666,0.403293,6.63471,33.4636,0.514286
rmse,last,9,0.001,70,500,1.0,0.0,3,2,5,1,10,551,409,15.438,45.664,0.403345,6.81977,33.4266,0.514286
rmse,last,9,0.001,70,500,1.0,0.0,3,2,5,1,10,551,410,15.4498,45.6715,0.403033,6.50223,33.4301,0.528571
rmse,last,9,0.001,70,500,1.0,0.0,3,2,5,1,10,551,411,15.4421,45.6661,0.403241,6.81163,33.4249,0.514286
rmse,last,9,0.001,70,500,1.0,0.0,3,2,5,1,10,551,412,15.4544,45.6757,0.402904,6.44207,33.4334,0.528571
rmse,last,9,0.001,70,500,1.0,0.0,3,2,5,1,10,551,413,15.445,45.6702,0.403345,6.78461,33.4018,0.514286
rmse,last,9,0.001,70,500,1.0,0.0,3,2,5,1,10,551,414,15.457,45.6811,0.403085,6.43649,33.3852,0.528571
rmse,last,9,0.001,70,500,1.0,0.0,3,2,5,1,10,551,415,15.4489,45.6777,0.403137,6.73192,33.3451,0.514286
rmse,last,9,0.001,70,500,1.0,0.0,3,2,5,1,10,551,416,15.459,45.6876,0.403111,6.44489,33.3281,0.528571
rmse,last,9,0.001,70,500,1.0,0.0,3,2,5,1,10,551,417,15.4502,45.6845,0.403137,6.74505,33.3207,0.514286
rmse,last,9,0.001,70,500,1.0,0.0,3,2,5,1,10,551,418,15.4633,45.6945,0.402826,6.48679,33.3962,0.514286
rmse,last,9,0.001,70,500,1.0,0.0,3,2,5,1,10,551,419,15.4408,45.6817,0.403008,7.31108,33.7368,0.5
rmse,last,9,0.001,70,500,1.0,0.0,3,2,5,1,10,551,420,15.488,45.7034,0.4028,6.92804,34.7853,0.428571
rmse,last,9,0.001,70,500,1.0,0.0,3,2,5,1,10,551,421,15.4354,45.6777,0.4028,7.84309,34.2062,0.485714
rmse,last,9,0.001,70,500,1.0,0.0,3,2,5,1,10,551,422,15.4777,45.7045,0.403189,6.30446,33.7299,0.471429
rmse,last,9,0.001,70,500,1.0,0.0,3,2,5,1,10,551,423,15.4544,45.6879,0.403267,6.74021,33.3199,0.528571
rmse,last,9,0.001,70,500,1.0,0.0,3,2,5,1,10,551,424,15.4634,45.6928,0.403552,6.43215,33.2157,0.528571
rmse,last,9,0.001,70,500,1.0,0.0,3,2,5,1,10,551,425,15.4688,45.6963,0.403033,6.30299,33.2636,0.528571
rmse,last,9,0.001,70,500,1.0,0.0,3,2,5,1,10,551,426,15.4552,45.6875,0.403345,6.75465,33.3417,0.528571
rmse,last,9,0.001,70,500,1.0,0.0,3,2,5,1,10,551,427,15.4769,45.7042,0.403241,6.15333,33.4512,0.514286
rmse,last,9,0.001,70,500,1.0,0.0,3,2,5,1,10,551,428,15.4564,45.693,0.403552,6.6456,33.243,0.542857
rmse,last,9,0.001,70,500,1.0,0.0,3,2,5,1,10,551,429,15.4646,45.7023,0.403033,6.3352,33.146,0.528571
rmse,last,9,0.001,70,500,1.0,0.0,3,2,5,1,10,551,430,15.4626,45.705,0.403215,6.34017,33.1322,0.528571
rmse,last,9,0.001,70,500,1.0,0.0,3,2,5,1,10,551,431,15.4549,45.7032,0.403604,6.5855,33.1915,0.542857
rmse,last,9,0.001,70,500,1.0,0.0,3,2,5,1,10,551,432,15.4774,45.716,0.402774,6.30743,33.3933,0.514286
rmse,last,9,0.001,70,500,1.0,0.0,3,2,5,1,10,551,433,15.4521,45.7008,0.403111,7.28933,33.7102,0.5
rmse,last,9,0.001,70,500,1.0,0.0,3,2,5,1,10,551,434,15.5059,45.7281,0.40293,6.46013,34.3745,0.457143
rmse,last,9,0.001,70,500,1.0,0.0,3,2,5,1,10,551,435,15.4682,45.7068,0.403137,6.94062,33.4323,0.528571
rmse,last,9,0.001,70,500,1.0,0.0,3,2,5,1,10,551,436,15.4883,45.7198,0.403396,6.26234,33.113,0.528571
rmse,last,9,0.001,70,500,1.0,0.0,3,2,5,1,10,551,437,15.4936,45.7233,0.403319,6.18832,33.1681,0.528571
rmse,last,9,0.001,70,500,1.0,0.0,3,2,5,1,10,551,438,15.4765,45.7117,0.403189,6.83643,33.3609,0.528571
rmse,last,9,0.001,70,500,1.0,0.0,3,2,5,1,10,551,439,15.5089,45.7359,0.403267,6.0265,33.594,0.5
rmse,last,9,0.001,70,500,1.0,0.0,3,2,5,1,10,551,440,15.4869,45.7228,0.403319,6.50772,33.1053,0.542857
rmse,last,9,0.001,70,500,1.0,0.0,3,2,5,1,10,551,441,15.4883,45.7266,0.403345,6.50554,33.0806,0.542857
rmse,last,9,0.001,70,500,1.0,0.0,3,2,5,1,10,551,442,15.5116,45.7442,0.403033,6.1212,33.4648,0.5
rmse,last,9,0.001,70,500,1.0,0.0,3,2,5,1,10,551,443,15.476,45.7228,0.403241,7.24117,33.6273,0.5
rmse,last,9,0.001,70,500,1.0,0.0,3,2,5,1,10,551,444,15.5194,45.7488,0.403085,6.32753,33.9532,0.471429
rmse,last,9,0.001,70,500,1.0,0.0,3,2,5,1,10,551,445,15.4856,45.7309,0.403526,6.66407,33.1448,0.528571
rmse,last,9,0.001,70,500,1.0,0.0,3,2,5,1,10,551,446,15.4945,45.7378,0.403526,6.33699,32.9594,0.528571
rmse,last,9,0.001,70,500,1.0,0.0,3,2,5,1,10,551,447,15.5059,45.7464,0.402696,6.09615,33.1409,0.528571
rmse,last,9,0.001,70,500,1.0,0.0,3,2,5,1,10,551,448,15.4813,45.7298,0.403604,6.85859,33.2864,0.528571
rmse,last,9,0.001,70,500,1.0,0.0,3,2,5,1,10,551,449,15.5136,45.7518,0.403163,6.09651,33.513,0.485714
rmse,last,9,0.001,70,500,1.0,0.0,3,2,5,1,10,551,450,15.4842,45.7325,0.403474,6.70506,33.166,0.542857
rmse,last,9,0.001,70,500,1.0,0.0,3,2,5,1,10,551,-1,15.5279,45.7863,0.405626,15.5217,43.2494,0.414286
rmse,last,9,0.001,70,500,1.0,0.0,3,2,5,1,10,551,451,15.502,45.746,0.402774,6.14939,32.9851,0.528571
rmse,last,9,0.001,70,500,1.0,0.0,3,2,5,1,10,551,452,15.4977,45.744,0.403604,6.23173,32.9182,0.528571
rmse,last,9,0.001,70,500,1.0,0.0,3,2,5,1,10,551,453,15.4878,45.7385,0.403708,6.52974,33.027,0.528571
rmse,last,9,0.001,70,500,1.0,0.0,3,2,5,1,10,551,454,15.5107,45.7565,0.40337,6.00051,33.249,0.528571
rmse,last,9,0.001,70,500,1.0,0.0,3,2,5,1,10,551,455,15.4872,45.7434,0.403785,6.5222,33.0036,0.528571
rmse,last,9,0.001,70,500,1.0,0.0,3,2,5,1,10,551,456,15.5,45.7553,0.403604,6.16273,32.8828,0.528571
rmse,last,9,0.001,70,500,1.0,0.0,3,2,5,1,10,551,457,15.4988,45.7569,0.403552,6.20322,32.851,0.528571
rmse,last,9,0.001,70,500,1.0,0.0,3,2,5,1,10,551,458,15.4927,45.7548,0.403785,6.41805,32.9049,0.542857
rmse,last,9,0.001,70,500,1.0,0.0,3,2,5,1,10,551,459,15.5139,45.7696,0.402852,6.1005,33.0695,0.514286
rmse,last,9,0.001,70,500,1.0,0.0,3,2,5,1,10,551,460,15.4909,45.754,0.403889,6.85997,33.2296,0.528571
rmse,last,9,0.001,70,500,1.0,0.0,3,2,5,1,10,551,461,15.5327,45.7797,0.402982,6.12491,33.6077,0.457143
rmse,last,9,0.001,70,500,1.0,0.0,3,2,5,1,10,551,462,15.4986,45.7558,0.403552,6.92065,33.2906,0.514286
rmse,last,9,0.001,70,500,1.0,0.0,3,2,5,1,10,551,463,15.5309,45.779,0.403604,5.97217,33.1052,0.528571
rmse,last,9,0.001,70,500,1.0,0.0,3,2,5,1,10,551,464,15.5204,45.7709,0.403733,6.18377,32.8183,0.528571
rmse,last,9,0.001,70,500,1.0,0.0,3,2,5,1,10,551,465,15.5081,45.7614,0.403656,6.70565,33.134,0.542857
rmse,last,9,0.001,70,500,1.0,0.0,3,2,5,1,10,551,466,15.5459,45.7884,0.403111,5.90488,33.7216,0.471429
rmse,last,9,0.001,70,500,1.0,0.0,3,2,5,1,10,551,467,15.5168,45.7694,0.403656,6.46535,32.9334,0.542857
rmse,last,9,0.001,70,500,1.0,0.0,3,2,5,1,10,551,468,15.522,45.7747,0.403578,6.33976,32.833,0.542857
rmse,last,9,0.001,70,500,1.0,0.0,3,2,5,1,10,551,469,15.5475,45.7949,0.403526,5.87832,33.2945,0.5
rmse,last,9,0.001,70,500,1.0,0.0,3,2,5,1,10,551,470,15.5192,45.7764,0.403837,6.54456,32.9483,0.542857
rmse,last,9,0.001,70,500,1.0,0.0,3,2,5,1,10,551,471,15.5361,45.7925,0.403085,6.04726,32.741,0.528571
rmse,last,9,0.001,70,500,1.0,0.0,3,2,5,1,10,551,472,15.533,45.793,0.403033,6.09295,32.6944,0.528571
rmse,last,9,0.001,70,500,1.0,0.0,3,2,5,1,10,551,473,15.5206,45.7866,0.403604,6.43123,32.8233,0.542857
rmse,last,9,0.001,70,500,1.0,0.0,3,2,5,1,10,551,474,15.5466,45.8028,0.403474,6.19008,33.184,0.514286
rmse,last,9,0.001,70,500,1.0,0.0,3,2,5,1,10,551,475,15.5187,45.7884,0.403578,6.57722,32.9318,0.542857
rmse,last,9,0.001,70,500,1.0,0.0,3,2,5,1,10,551,476,15.5459,45.8064,0.402956,6.10999,32.8842,0.514286
rmse,last,9,0.001,70,500,1.0,0.0,3,2,5,1,10,551,477,15.5283,45.7933,0.4035,6.4784,32.8394,0.542857
rmse,last,9,0.001,70,500,1.0,0.0,3,2,5,1,10,551,478,15.5543,45.8118,0.40293,5.90263,32.8554,0.528571
rmse,last,9,0.001,70,500,1.0,0.0,3,2,5,1,10,551,479,15.5405,45.8009,0.403785,6.22205,32.6641,0.542857
rmse,last,9,0.001,70,500,1.0,0.0,3,2,5,1,10,551,480,15.5456,45.8052,0.403552,6.11784,32.6206,0.542857
rmse,last,9,0.001,70,500,1.0,0.0,3,2,5,1,10,551,481,15.5551,45.8137,0.403578,5.94457,32.6921,0.528571
rmse,last,9,0.001,70,500,1.0,0.0,3,2,5,1,10,551,482,15.5411,45.8038,0.403396,6.32821,32.7173,0.528571
rmse,last,9,0.001,70,500,1.0,0.0,3,2,5,1,10,551,483,15.559,45.8208,0.403578,5.90675,32.7142,0.528571
rmse,last,9,0.001,70,500,1.0,0.0,3,2,5,1,10,551,484,15.5467,45.8142,0.403319,6.1813,32.5797,0.542857
rmse,last,9,0.001,70,500,1.0,0.0,3,2,5,1,10,551,485,15.5516,45.8221,0.403604,6.04558,32.5159,0.542857
rmse,last,9,0.001,70,500,1.0,0.0,3,2,5,1,10,551,486,15.5538,45.8277,0.403656,5.97906,32.5168,0.528571
rmse,last,9,0.001,70,500,1.0,0.0,3,2,5,1,10,551,487,15.5427,45.823,0.403293,6.2628,32.5811,0.528571
rmse,last,9,0.001,70,500,1.0,0.0,3,2,5,1,10,551,488,15.5619,45.8371,0.403215,6.07935,32.8171,0.514286
rmse,last,9,0.001,70,500,1.0,0.0,3,2,5,1,10,551,489,15.5305,45.8161,0.403189,6.98597,33.1258,0.5
rmse,last,9,0.001,70,500,1.0,0.0,3,2,5,1,10,551,490,15.5785,45.843,0.403448,6.19573,33.6862,0.457143
rmse,last,9,0.001,70,500,1.0,0.0,3,2,5,1,10,551,491,15.545,45.8247,0.403448,6.56083,32.8106,0.528571
rmse,last,9,0.001,70,500,1.0,0.0,3,2,5,1,10,551,492,15.569,45.8431,0.403967,5.88535,32.4462,0.528571
rmse,last,9,0.001,70,500,1.0,0.0,3,2,5,1,10,551,493,15.5721,45.8442,0.403656,5.87235,32.4325,0.528571
rmse,last,9,0.001,70,500,1.0,0.0,3,2,5,1,10,551,494,15.5583,45.8313,0.404019,6.38972,32.6584,0.542857
rmse,last,9,0.001,70,500,1.0,0.0,3,2,5,1,10,551,495,15.585,45.8502,0.403811,5.72304,32.9385,0.5
rmse,last,9,0.001,70,500,1.0,0.0,3,2,5,1,10,551,496,15.5651,45.8359,0.403863,6.28269,32.5502,0.542857
rmse,last,9,0.001,70,500,1.0,0.0,3,2,5,1,10,551,497,15.5781,45.8473,0.403993,5.86936,32.3187,0.528571
rmse,last,9,0.001,70,500,1.0,0.0,3,2,5,1,10,551,498,15.5811,45.8506,0.4042,5.81881,32.3256,0.528571
rmse,last,9,0.001,70,500,1.0,0.0,3,2,5,1,10,551,499,15.5691,45.8427,0.404071,6.25874,32.4884,0.542857
rmse,last,9,0.001,70,500,1.0,0.0,3,2,5,1,10,551,-2,15.7349,45.5818,0.396827,12.7876,41.8729,0.411429
